AUC Values
==========

100.csv:
--------
European:
Precision: 0.2201, 0.2238, 0.2244, 0.2251, 0.2257, 0.2264, 0.2270, 0.2277, 0.2283, 0.2290, 0.2297, 0.2303, 0.2310, 0.2317, 0.2324, 0.2337, 0.2344, 0.2351, 0.2358, 0.2365, 0.2372, 0.2380, 0.2387, 0.2394, 0.2401, 0.2409, 0.2416, 0.2423, 0.2431, 0.2438, 0.2446, 0.2453, 0.2461, 0.2469, 0.2476, 0.2484, 0.2492, 0.2500, 0.2508, 0.2516, 0.2524, 0.2532, 0.2540, 0.2548, 0.2557, 0.2565, 0.2573, 0.2582, 0.2590, 0.2599, 0.2607, 0.2616, 0.2625, 0.2633, 0.2642, 0.2651, 0.2660, 0.2669, 0.2678, 0.2687, 0.2696, 0.2705, 0.2715, 0.2724, 0.2734, 0.2743, 0.2753, 0.2762, 0.2792, 0.2801, 0.2811, 0.2821, 0.2832, 0.2842, 0.2852, 0.2862, 0.2873, 0.2883, 0.2894, 0.2904, 0.2915, 0.2926, 0.2937, 0.2948, 0.2959, 0.2970, 0.2943, 0.2955, 0.2966, 0.2977, 0.2989, 0.3000, 0.3012, 0.3023, 0.3035, 0.3047, 0.3059, 0.3071, 0.3083, 0.3095, 0.3108, 0.3120, 0.3133, 0.3145, 0.3158, 0.3171, 0.3184, 0.3197, 0.3210, 0.3223, 0.3237, 0.3250, 0.3264, 0.3277, 0.3291, 0.3305, 0.3319, 0.3333, 0.3348, 0.3319, 0.3333, 0.3348, 0.3362, 0.3377, 0.3392, 0.3407, 0.3500, 0.3516, 0.3532, 0.3548, 0.3565, 0.3581, 0.3598, 0.3615, 0.3632, 0.3649, 0.3667, 0.3684, 0.3702, 0.3720, 0.3738, 0.3756, 0.3775, 0.3793, 0.3812, 0.3831, 0.3850, 0.3869, 0.3889, 0.3929, 0.3949, 0.3969, 0.3938, 0.3958, 0.3979, 0.4000, 0.4021, 0.4043, 0.4064, 0.4086, 0.4108, 0.4130, 0.4153, 0.4176, 0.4199, 0.4222, 0.4246, 0.4270, 0.4294, 0.4318, 0.4343, 0.4368, 0.4335, 0.4360, 0.4386, 0.4412, 0.4438, 0.4464, 0.4431, 0.4398, 0.4364, 0.4329, 0.4356, 0.4383, 0.4410, 0.4437, 0.4403, 0.4367, 0.4395, 0.4423, 0.4452, 0.4481, 0.4444, 0.4474, 0.4503, 0.4533, 0.4564, 0.4527, 0.4490, 0.4521, 0.4483, 0.4514, 0.4545, 0.4577, 0.4610, 0.4643, 0.4676, 0.4710, 0.4745, 0.4779, 0.4815, 0.4851, 0.4773, 0.4809, 0.4846, 0.4884, 0.4922, 0.4961, 0.5000, 0.5040, 0.5081, 0.5122, 0.5164, 0.5207, 0.5250, 0.5294, 0.5339, 0.5299, 0.5345, 0.5391, 0.5351, 0.5398, 0.5446, 0.5495, 0.5545, 0.5596, 0.5556, 0.5607, 0.5660, 0.5714, 0.5769, 0.5825, 0.5882, 0.5842, 0.5900, 0.5960, 0.6020, 0.6082, 0.6146, 0.6211, 0.6277, 0.6344, 0.6413, 0.6374, 0.6444, 0.6404, 0.6364, 0.6437, 0.6395, 0.6471, 0.6429, 0.6506, 0.6585, 0.6667, 0.6750, 0.6709, 0.6795, 0.6883, 0.6842, 0.6933, 0.7027, 0.6986, 0.6944, 0.7042, 0.7143, 0.7101, 0.7059, 0.7164, 0.7121, 0.7077, 0.7031, 0.6984, 0.7097, 0.7213, 0.7167, 0.7119, 0.7241, 0.7193, 0.7321, 0.7455, 0.7593, 0.7736, 0.7692, 0.7647, 0.7800, 0.7755, 0.7708, 0.7660, 0.7826, 0.7778, 0.7727, 0.7674, 0.7619, 0.7561, 0.7500, 0.7436, 0.7368, 0.7568, 0.7500, 0.7714, 0.7941, 0.8182, 0.8125, 0.8065, 0.8333, 0.8276, 0.8214, 0.8519, 0.8462, 0.8400, 0.8333, 0.8261, 0.8636, 0.8571, 0.8500, 0.8421, 0.8333, 0.8235, 0.8125, 0.8667, 0.8571, 0.9231, 0.9167, 1.0000, 1.0000, 1.0000, 1.0000, 1.0000, 1.0000, 1.0000, 1.0000, 1.0000, 1.0000
Recall: 1.0000, 1.0000, 1.0000, 1.0000, 1.0000, 1.0000, 1.0000, 1.0000, 1.0000, 1.0000, 1.0000, 1.0000, 1.0000, 1.0000, 1.0000, 1.0000, 1.0000, 1.0000, 1.0000, 1.0000, 1.0000, 1.0000, 1.0000, 1.0000, 1.0000, 1.0000, 1.0000, 1.0000, 1.0000, 1.0000, 1.0000, 1.0000, 1.0000, 1.0000, 1.0000, 1.0000, 1.0000, 1.0000, 1.0000, 1.0000, 1.0000, 1.0000, 1.0000, 1.0000, 1.0000, 1.0000, 1.0000, 1.0000, 1.0000, 1.0000, 1.0000, 1.0000, 1.0000, 1.0000, 1.0000, 1.0000, 1.0000, 1.0000, 1.0000, 1.0000, 1.0000, 1.0000, 1.0000, 1.0000, 1.0000, 1.0000, 1.0000, 1.0000, 1.0000, 1.0000, 1.0000, 1.0000, 1.0000, 1.0000, 1.0000, 1.0000, 1.0000, 1.0000, 1.0000, 1.0000, 1.0000, 1.0000, 1.0000, 1.0000, 1.0000, 1.0000, 0.9873, 0.9873, 0.9873, 0.9873, 0.9873, 0.9873, 0.9873, 0.9873, 0.9873, 0.9873, 0.9873, 0.9873, 0.9873, 0.9873, 0.9873, 0.9873, 0.9873, 0.9873, 0.9873, 0.9873, 0.9873, 0.9873, 0.9873, 0.9873, 0.9873, 0.9873, 0.9873, 0.9873, 0.9873, 0.9873, 0.9873, 0.9873, 0.9873, 0.9747, 0.9747, 0.9747, 0.9747, 0.9747, 0.9747, 0.9747, 0.9747, 0.9747, 0.9747, 0.9747, 0.9747, 0.9747, 0.9747, 0.9747, 0.9747, 0.9747, 0.9747, 0.9747, 0.9747, 0.9747, 0.9747, 0.9747, 0.9747, 0.9747, 0.9747, 0.9747, 0.9747, 0.9747, 0.9747, 0.9747, 0.9747, 0.9747, 0.9620, 0.9620, 0.9620, 0.9620, 0.9620, 0.9620, 0.9620, 0.9620, 0.9620, 0.9620, 0.9620, 0.9620, 0.9620, 0.9620, 0.9620, 0.9620, 0.9620, 0.9620, 0.9620, 0.9620, 0.9494, 0.9494, 0.9494, 0.9494, 0.9494, 0.9494, 0.9367, 0.9241, 0.9114, 0.8987, 0.8987, 0.8987, 0.8987, 0.8987, 0.8861, 0.8734, 0.8734, 0.8734, 0.8734, 0.8734, 0.8608, 0.8608, 0.8608, 0.8608, 0.8608, 0.8481, 0.8354, 0.8354, 0.8228, 0.8228, 0.8228, 0.8228, 0.8228, 0.8228, 0.8228, 0.8228, 0.8228, 0.8228, 0.8228, 0.8228, 0.7975, 0.7975, 0.7975, 0.7975, 0.7975, 0.7975, 0.7975, 0.7975, 0.7975, 0.7975, 0.7975, 0.7975, 0.7975, 0.7975, 0.7975, 0.7848, 0.7848, 0.7848, 0.7722, 0.7722, 0.7722, 0.7722, 0.7722, 0.7722, 0.7595, 0.7595, 0.7595, 0.7595, 0.7595, 0.7595, 0.7595, 0.7468, 0.7468, 0.7468, 0.7468, 0.7468, 0.7468, 0.7468, 0.7468, 0.7468, 0.7468, 0.7342, 0.7342, 0.7215, 0.7089, 0.7089, 0.6962, 0.6962, 0.6835, 0.6835, 0.6835, 0.6835, 0.6835, 0.6709, 0.6709, 0.6709, 0.6582, 0.6582, 0.6582, 0.6456, 0.6329, 0.6329, 0.6329, 0.6203, 0.6076, 0.6076, 0.5949, 0.5823, 0.5696, 0.5570, 0.5570, 0.5570, 0.5443, 0.5316, 0.5316, 0.5190, 0.5190, 0.5190, 0.5190, 0.5190, 0.5063, 0.4937, 0.4937, 0.4810, 0.4684, 0.4557, 0.4557, 0.4430, 0.4304, 0.4177, 0.4051, 0.3924, 0.3797, 0.3671, 0.3544, 0.3544, 0.3418, 0.3418, 0.3418, 0.3418, 0.3291, 0.3165, 0.3165, 0.3038, 0.2911, 0.2911, 0.2785, 0.2658, 0.2532, 0.2405, 0.2405, 0.2278, 0.2152, 0.2025, 0.1899, 0.1772, 0.1646, 0.1646, 0.1519, 0.1519, 0.1392, 0.1392, 0.1266, 0.1139, 0.1013, 0.0886, 0.0506, 0.0380, 0.0253, 0.0127, 0.0000

African:
Precision: 0.3370, 0.3380, 0.3389, 0.3399, 0.3408, 0.3438, 0.3447, 0.3457, 0.3467, 0.3477, 0.3487, 0.3497, 0.3507, 0.3517, 0.3528, 0.3538, 0.3548, 0.3559, 0.3569, 0.3580, 0.3591, 0.3601, 0.3612, 0.3623, 0.3634, 0.3645, 0.3656, 0.3667, 0.3678, 0.3689, 0.3700, 0.3712, 0.3723, 0.3704, 0.3684, 0.3696, 0.3707, 0.3719, 0.3730, 0.3742, 0.3754, 0.3766, 0.3778, 0.3790, 0.3802, 0.3814, 0.3826, 0.3839, 0.3851, 0.3864, 0.3876, 0.3889, 0.3902, 0.3914, 0.3927, 0.3940, 0.3953, 0.3967, 0.3980, 0.3993, 0.4007, 0.4020, 0.4034, 0.4061, 0.4075, 0.4089, 0.4103, 0.4118, 0.4132, 0.4146, 0.4161, 0.4175, 0.4190, 0.4205, 0.4220, 0.4235, 0.4250, 0.4265, 0.4281, 0.4296, 0.4312, 0.4327, 0.4343, 0.4440, 0.4457, 0.4474, 0.4491, 0.4508, 0.4525, 0.4542, 0.4559, 0.4577, 0.4595, 0.4612, 0.4630, 0.4648, 0.4667, 0.4685, 0.4704, 0.4722, 0.4741, 0.4760, 0.4779, 0.4798, 0.4818, 0.4837, 0.4857, 0.4877, 0.4897, 0.4917, 0.4938, 0.4958, 0.4979, 0.5000, 0.5021, 0.5042, 0.5064, 0.5085, 0.5107, 0.5129, 0.5152, 0.5174, 0.5197, 0.5219, 0.5242, 0.5265, 0.5289, 0.5312, 0.5336, 0.5360, 0.5385, 0.5434, 0.5459, 0.5484, 0.5509, 0.5535, 0.5561, 0.5587, 0.5613, 0.5640, 0.5721, 0.5749, 0.5777, 0.5805, 0.5833, 0.5862, 0.5891, 0.5920, 0.5950, 0.5980, 0.6010, 0.6041, 0.6071, 0.6103, 0.6134, 0.6166, 0.6198, 0.6230, 0.6263, 0.6296, 0.6330, 0.6364, 0.6398, 0.6432, 0.6467, 0.6503, 0.6538, 0.6575, 0.6611, 0.6648, 0.6685, 0.6723, 0.6761, 0.6800, 0.6839, 0.6879, 0.6919, 0.6959, 0.7000, 0.7041, 0.7083, 0.7126, 0.7169, 0.7212, 0.7256, 0.7301, 0.7346, 0.7391, 0.7438, 0.7484, 0.7532, 0.7580, 0.7628, 0.7677, 0.7727, 0.7778, 0.7829, 0.7881, 0.7933, 0.7987, 0.8041, 0.8095, 0.8151, 0.8207, 0.8264, 0.8322, 0.8380, 0.8440, 0.8500, 0.8561, 0.8686, 0.8750, 0.8741, 0.8806, 0.8872, 0.8939, 0.9008, 0.9077, 0.9147, 0.9141, 0.9213, 0.9286, 0.9360, 0.9355, 0.9431, 0.9508, 0.9504, 0.9500, 0.9580, 0.9661, 0.9658, 0.9655, 0.9652, 0.9737, 0.9735, 0.9732, 0.9730, 0.9727, 0.9817, 0.9815, 0.9907, 0.9906, 0.9905, 0.9904, 0.9903, 0.9902, 0.9901, 0.9900, 0.9899, 0.9898, 0.9897, 0.9896, 0.9895, 0.9894, 0.9892, 0.9891, 0.9890, 0.9889, 0.9888, 0.9886, 0.9885, 0.9884, 0.9882, 0.9881, 0.9880, 0.9878, 0.9877, 0.9875, 0.9873, 0.9872, 0.9870, 0.9868, 0.9867, 0.9865, 0.9863, 0.9861, 0.9859, 0.9857, 0.9855, 0.9853, 0.9851, 0.9848, 0.9846, 0.9844, 0.9841, 0.9839, 0.9836, 0.9833, 0.9831, 0.9828, 0.9825, 0.9821, 0.9818, 0.9815, 0.9811, 0.9808, 0.9804, 0.9800, 0.9796, 0.9792, 0.9787, 0.9783, 0.9778, 0.9773, 0.9767, 0.9762, 0.9756, 0.9750, 0.9744, 0.9737, 0.9730, 0.9722, 0.9714, 0.9706, 0.9697, 0.9688, 0.9677, 0.9667, 0.9655, 0.9643, 0.9630, 0.9615, 0.9600, 0.9583, 0.9565, 1.0000, 1.0000, 1.0000, 1.0000, 1.0000, 1.0000, 1.0000, 1.0000, 1.0000, 1.0000, 1.0000, 1.0000, 1.0000, 1.0000, 1.0000, 1.0000, 1.0000, 1.0000
Recall: 1.0000, 1.0000, 1.0000, 1.0000, 1.0000, 1.0000, 1.0000, 1.0000, 1.0000, 1.0000, 1.0000, 1.0000, 1.0000, 1.0000, 1.0000, 1.0000, 1.0000, 1.0000, 1.0000, 1.0000, 1.0000, 1.0000, 1.0000, 1.0000, 1.0000, 1.0000, 1.0000, 1.0000, 1.0000, 1.0000, 1.0000, 1.0000, 1.0000, 0.9917, 0.9835, 0.9835, 0.9835, 0.9835, 0.9835, 0.9835, 0.9835, 0.9835, 0.9835, 0.9835, 0.9835, 0.9835, 0.9835, 0.9835, 0.9835, 0.9835, 0.9835, 0.9835, 0.9835, 0.9835, 0.9835, 0.9835, 0.9835, 0.9835, 0.9835, 0.9835, 0.9835, 0.9835, 0.9835, 0.9835, 0.9835, 0.9835, 0.9835, 0.9835, 0.9835, 0.9835, 0.9835, 0.9835, 0.9835, 0.9835, 0.9835, 0.9835, 0.9835, 0.9835, 0.9835, 0.9835, 0.9835, 0.9835, 0.9835, 0.9835, 0.9835, 0.9835, 0.9835, 0.9835, 0.9835, 0.9835, 0.9835, 0.9835, 0.9835, 0.9835, 0.9835, 0.9835, 0.9835, 0.9835, 0.9835, 0.9835, 0.9835, 0.9835, 0.9835, 0.9835, 0.9835, 0.9835, 0.9835, 0.9835, 0.9835, 0.9835, 0.9835, 0.9835, 0.9835, 0.9835, 0.9835, 0.9835, 0.9835, 0.9835, 0.9835, 0.9835, 0.9835, 0.9835, 0.9835, 0.9835, 0.9835, 0.9835, 0.9835, 0.9835, 0.9835, 0.9835, 0.9835, 0.9835, 0.9835, 0.9835, 0.9835, 0.9835, 0.9835, 0.9835, 0.9835, 0.9835, 0.9835, 0.9835, 0.9835, 0.9835, 0.9835, 0.9835, 0.9835, 0.9835, 0.9835, 0.9835, 0.9835, 0.9835, 0.9835, 0.9835, 0.9835, 0.9835, 0.9835, 0.9835, 0.9835, 0.9835, 0.9835, 0.9835, 0.9835, 0.9835, 0.9835, 0.9835, 0.9835, 0.9835, 0.9835, 0.9835, 0.9835, 0.9835, 0.9835, 0.9835, 0.9835, 0.9835, 0.9835, 0.9835, 0.9835, 0.9835, 0.9835, 0.9835, 0.9835, 0.9835, 0.9835, 0.9835, 0.9835, 0.9835, 0.9835, 0.9835, 0.9835, 0.9835, 0.9835, 0.9835, 0.9835, 0.9835, 0.9835, 0.9835, 0.9835, 0.9835, 0.9835, 0.9835, 0.9835, 0.9835, 0.9835, 0.9835, 0.9835, 0.9835, 0.9835, 0.9835, 0.9835, 0.9835, 0.9752, 0.9752, 0.9752, 0.9752, 0.9752, 0.9752, 0.9752, 0.9669, 0.9669, 0.9669, 0.9669, 0.9587, 0.9587, 0.9587, 0.9504, 0.9421, 0.9421, 0.9421, 0.9339, 0.9256, 0.9174, 0.9174, 0.9091, 0.9008, 0.8926, 0.8843, 0.8843, 0.8760, 0.8760, 0.8678, 0.8595, 0.8512, 0.8430, 0.8347, 0.8264, 0.8182, 0.8099, 0.8017, 0.7934, 0.7851, 0.7769, 0.7686, 0.7603, 0.7521, 0.7438, 0.7355, 0.7273, 0.7190, 0.7107, 0.7025, 0.6942, 0.6860, 0.6777, 0.6694, 0.6612, 0.6529, 0.6446, 0.6364, 0.6281, 0.6198, 0.6116, 0.6033, 0.5950, 0.5868, 0.5785, 0.5702, 0.5620, 0.5537, 0.5455, 0.5372, 0.5289, 0.5207, 0.5124, 0.5041, 0.4959, 0.4876, 0.4793, 0.4711, 0.4628, 0.4545, 0.4463, 0.4380, 0.4298, 0.4215, 0.4132, 0.4050, 0.3967, 0.3884, 0.3802, 0.3719, 0.3636, 0.3554, 0.3471, 0.3388, 0.3306, 0.3223, 0.3140, 0.3058, 0.2975, 0.2893, 0.2810, 0.2727, 0.2645, 0.2562, 0.2479, 0.2397, 0.2314, 0.2231, 0.2149, 0.2066, 0.1983, 0.1901, 0.1818, 0.1818, 0.1736, 0.1653, 0.1570, 0.1488, 0.1405, 0.1322, 0.1240, 0.1157, 0.1074, 0.0992, 0.0909, 0.0826, 0.0744, 0.0661, 0.0579, 0.0496, 0.0000

Asian:
Precision: 0.4429, 0.4441, 0.4454, 0.4466, 0.4479, 0.4517, 0.4530, 0.4543, 0.4556, 0.4569, 0.4553, 0.4566, 0.4551, 0.4564, 0.4548, 0.4561, 0.4575, 0.4588, 0.4602, 0.4615, 0.4629, 0.4613, 0.4627, 0.4641, 0.4655, 0.4669, 0.4653, 0.4667, 0.4681, 0.4665, 0.4679, 0.4693, 0.4677, 0.4691, 0.4706, 0.4720, 0.4704, 0.4794, 0.4809, 0.4824, 0.4840, 0.4855, 0.4871, 0.4887, 0.4903, 0.4919, 0.4935, 0.4951, 0.4967, 0.4983, 0.5000, 0.5017, 0.5033, 0.5050, 0.5067, 0.5084, 0.5101, 0.5119, 0.5136, 0.5154, 0.5171, 0.5155, 0.5172, 0.5190, 0.5208, 0.5226, 0.5245, 0.5263, 0.5282, 0.5300, 0.5319, 0.5338, 0.5357, 0.5376, 0.5396, 0.5415, 0.5435, 0.5455, 0.5474, 0.5495, 0.5515, 0.5535, 0.5556, 0.5576, 0.5597, 0.5618, 0.5639, 0.5660, 0.5682, 0.5703, 0.5725, 0.5747, 0.5769, 0.5792, 0.5775, 0.5798, 0.5820, 0.5843, 0.5866, 0.5889, 0.5913, 0.5936, 0.5960, 0.5984, 0.6008, 0.6032, 0.6057, 0.6082, 0.6107, 0.6132, 0.6157, 0.6183, 0.6208, 0.6234, 0.6261, 0.6245, 0.6271, 0.6298, 0.6325, 0.6352, 0.6379, 0.6407, 0.6435, 0.6463, 0.6491, 0.6520, 0.6549, 0.6578, 0.6607, 0.6637, 0.6667, 0.6697, 0.6727, 0.6758, 0.6789, 0.6820, 0.6852, 0.6884, 0.6916, 0.6948, 0.6981, 0.7014, 0.7048, 0.7081, 0.7115, 0.7150, 0.7184, 0.7220, 0.7255, 0.7291, 0.7327, 0.7363, 0.7400, 0.7437, 0.7475, 0.7462, 0.7500, 0.7538, 0.7526, 0.7565, 0.7604, 0.7644, 0.7684, 0.7725, 0.7766, 0.7754, 0.7796, 0.7784, 0.7826, 0.7814, 0.7857, 0.7845, 0.7889, 0.7933, 0.7978, 0.8023, 0.8011, 0.8000, 0.7989, 0.7977, 0.8023, 0.8012, 0.8000, 0.8047, 0.8036, 0.8084, 0.8072, 0.8061, 0.8110, 0.8160, 0.8210, 0.8261, 0.8313, 0.8365, 0.8354, 0.8408, 0.8516, 0.8571, 0.8562, 0.8553, 0.8609, 0.8667, 0.8658, 0.8716, 0.8776, 0.8767, 0.8828, 0.8889, 0.8951, 0.9014, 0.9007, 0.9000, 0.8993, 0.8986, 0.8978, 0.8971, 0.8963, 0.8955, 0.9023, 0.9015, 0.9008, 0.9000, 0.9070, 0.9141, 0.9134, 0.9127, 0.9120, 0.9113, 0.9106, 0.9180, 0.9174, 0.9167, 0.9160, 0.9153, 0.9145, 0.9224, 0.9304, 0.9298, 0.9292, 0.9286, 0.9279, 0.9273, 0.9358, 0.9352, 0.9346, 0.9340, 0.9333, 0.9327, 0.9320, 0.9314, 0.9307, 0.9300, 0.9293, 0.9286, 0.9278, 0.9271, 0.9263, 0.9362, 0.9355, 0.9348, 0.9341, 0.9333, 0.9326, 0.9432, 0.9425, 0.9419, 0.9412, 0.9390, 0.9383, 0.9375, 0.9367, 0.9359, 0.9351, 0.9342, 0.9333, 0.9315, 0.9306, 0.9296, 0.9286, 0.9275, 0.9265, 0.9254, 0.9242, 0.9385, 0.9375, 0.9524, 0.9516, 0.9508, 0.9500, 0.9492, 0.9483, 0.9474, 0.9464, 0.9455, 0.9444, 0.9434, 0.9423, 0.9412, 0.9400, 0.9388, 0.9375, 0.9362, 0.9348, 0.9333, 0.9318, 0.9302, 0.9286, 0.9268, 0.9250, 0.9487, 0.9474, 0.9459, 0.9444, 0.9429, 0.9412, 0.9394, 0.9375, 0.9355, 0.9333, 0.9167, 0.9565, 0.9545, 0.9524, 0.9500, 0.9474, 0.9444, 0.9412, 0.9375, 0.9333, 0.9286, 0.9231, 0.9167, 0.9091, 0.8889, 0.8750, 0.8571, 0.8333, 0.8000, 1.0000, 1.0000, 1.0000, 1.0000, 1.0000
Recall: 1.0000, 1.0000, 1.0000, 1.0000, 1.0000, 1.0000, 1.0000, 1.0000, 1.0000, 1.0000, 0.9937, 0.9937, 0.9874, 0.9874, 0.9811, 0.9811, 0.9811, 0.9811, 0.9811, 0.9811, 0.9811, 0.9748, 0.9748, 0.9748, 0.9748, 0.9748, 0.9686, 0.9686, 0.9686, 0.9623, 0.9623, 0.9623, 0.9560, 0.9560, 0.9560, 0.9560, 0.9497, 0.9497, 0.9497, 0.9497, 0.9497, 0.9497, 0.9497, 0.9497, 0.9497, 0.9497, 0.9497, 0.9497, 0.9497, 0.9497, 0.9497, 0.9497, 0.9497, 0.9497, 0.9497, 0.9497, 0.9497, 0.9497, 0.9497, 0.9497, 0.9497, 0.9434, 0.9434, 0.9434, 0.9434, 0.9434, 0.9434, 0.9434, 0.9434, 0.9434, 0.9434, 0.9434, 0.9434, 0.9434, 0.9434, 0.9434, 0.9434, 0.9434, 0.9434, 0.9434, 0.9434, 0.9434, 0.9434, 0.9434, 0.9434, 0.9434, 0.9434, 0.9434, 0.9434, 0.9434, 0.9434, 0.9434, 0.9434, 0.9434, 0.9371, 0.9371, 0.9371, 0.9371, 0.9371, 0.9371, 0.9371, 0.9371, 0.9371, 0.9371, 0.9371, 0.9371, 0.9371, 0.9371, 0.9371, 0.9371, 0.9371, 0.9371, 0.9371, 0.9371, 0.9371, 0.9308, 0.9308, 0.9308, 0.9308, 0.9308, 0.9308, 0.9308, 0.9308, 0.9308, 0.9308, 0.9308, 0.9308, 0.9308, 0.9308, 0.9308, 0.9308, 0.9308, 0.9308, 0.9308, 0.9308, 0.9308, 0.9308, 0.9308, 0.9308, 0.9308, 0.9308, 0.9308, 0.9308, 0.9308, 0.9308, 0.9308, 0.9308, 0.9308, 0.9308, 0.9308, 0.9308, 0.9308, 0.9308, 0.9308, 0.9308, 0.9245, 0.9245, 0.9245, 0.9182, 0.9182, 0.9182, 0.9182, 0.9182, 0.9182, 0.9182, 0.9119, 0.9119, 0.9057, 0.9057, 0.8994, 0.8994, 0.8931, 0.8931, 0.8931, 0.8931, 0.8931, 0.8868, 0.8805, 0.8742, 0.8679, 0.8679, 0.8616, 0.8553, 0.8553, 0.8491, 0.8491, 0.8428, 0.8365, 0.8365, 0.8365, 0.8365, 0.8365, 0.8365, 0.8365, 0.8302, 0.8302, 0.8302, 0.8302, 0.8239, 0.8176, 0.8176, 0.8176, 0.8113, 0.8113, 0.8113, 0.8050, 0.8050, 0.8050, 0.8050, 0.8050, 0.7987, 0.7925, 0.7862, 0.7799, 0.7736, 0.7673, 0.7610, 0.7547, 0.7547, 0.7484, 0.7421, 0.7358, 0.7358, 0.7358, 0.7296, 0.7233, 0.7170, 0.7107, 0.7044, 0.7044, 0.6981, 0.6918, 0.6855, 0.6792, 0.6730, 0.6730, 0.6730, 0.6667, 0.6604, 0.6541, 0.6478, 0.6415, 0.6415, 0.6352, 0.6289, 0.6226, 0.6164, 0.6101, 0.6038, 0.5975, 0.5912, 0.5849, 0.5786, 0.5723, 0.5660, 0.5597, 0.5535, 0.5535, 0.5472, 0.5409, 0.5346, 0.5283, 0.5220, 0.5220, 0.5157, 0.5094, 0.5031, 0.4843, 0.4780, 0.4717, 0.4654, 0.4591, 0.4528, 0.4465, 0.4403, 0.4277, 0.4214, 0.4151, 0.4088, 0.4025, 0.3962, 0.3899, 0.3836, 0.3836, 0.3774, 0.3774, 0.3711, 0.3648, 0.3585, 0.3522, 0.3459, 0.3396, 0.3333, 0.3270, 0.3208, 0.3145, 0.3082, 0.3019, 0.2956, 0.2893, 0.2830, 0.2767, 0.2704, 0.2642, 0.2579, 0.2516, 0.2453, 0.2390, 0.2327, 0.2327, 0.2264, 0.2201, 0.2138, 0.2075, 0.2013, 0.1950, 0.1887, 0.1824, 0.1761, 0.1384, 0.1384, 0.1321, 0.1258, 0.1195, 0.1132, 0.1069, 0.1006, 0.0943, 0.0881, 0.0818, 0.0755, 0.0692, 0.0629, 0.0503, 0.0440, 0.0377, 0.0314, 0.0252, 0.0252, 0.0189, 0.0126, 0.0063, 0.0000


10K.csv:
--------
European:
Precision: 0.2201, 0.2219, 0.2225, 0.2232, 0.2238, 0.2244, 0.2251, 0.2257, 0.2264, 0.2270, 0.2277, 0.2283, 0.2290, 0.2297, 0.2310, 0.2330, 0.2337, 0.2344, 0.2351, 0.2358, 0.2372, 0.2387, 0.2431, 0.2438, 0.2446, 0.2453, 0.2461, 0.2469, 0.2484, 0.2492, 0.2516, 0.2524, 0.2565, 0.2582, 0.2590, 0.2607, 0.2616, 0.2625, 0.2660, 0.2678, 0.2687, 0.2696, 0.2715, 0.2724, 0.2743, 0.2762, 0.2782, 0.2792, 0.2811, 0.2842, 0.2862, 0.2894, 0.2915, 0.2937, 0.2948, 0.2959, 0.2992, 0.3004, 0.3015, 0.3038, 0.3050, 0.3062, 0.3074, 0.3098, 0.3110, 0.3123, 0.3147, 0.3173, 0.3185, 0.3198, 0.3211, 0.3224, 0.3238, 0.3251, 0.3264, 0.3278, 0.3292, 0.3305, 0.3319, 0.3333, 0.3347, 0.3362, 0.3376, 0.3391, 0.3405, 0.3420, 0.3435, 0.3450, 0.3465, 0.3480, 0.3496, 0.3511, 0.3527, 0.3543, 0.3559, 0.3607, 0.3624, 0.3641, 0.3657, 0.3726, 0.3744, 0.3762, 0.3780, 0.3798, 0.3816, 0.3835, 0.3854, 0.3873, 0.3892, 0.3911, 0.3930, 0.3950, 0.3970, 0.3990, 0.4010, 0.4031, 0.4051, 0.4072, 0.4093, 0.4115, 0.4136, 0.4158, 0.4180, 0.4202, 0.4225, 0.4247, 0.4270, 0.4293, 0.4317, 0.4341, 0.4365, 0.4389, 0.4413, 0.4438, 0.4463, 0.4489, 0.4514, 0.4540, 0.4566, 0.4593, 0.4620, 0.4647, 0.4675, 0.4702, 0.4731, 0.4759, 0.4788, 0.4817, 0.4847, 0.4877, 0.4907, 0.4938, 0.4969, 0.5000, 0.5032, 0.5064, 0.5097, 0.5130, 0.5163, 0.5197, 0.5232, 0.5267, 0.5302, 0.5338, 0.5374, 0.5411, 0.5448, 0.5486, 0.5524, 0.5563, 0.5603, 0.5643, 0.5683, 0.5725, 0.5766, 0.5809, 0.5852, 0.5896, 0.5940, 0.5985, 0.6031, 0.6077, 0.6124, 0.6220, 0.6270, 0.6210, 0.6148, 0.6198, 0.6250, 0.6303, 0.6356, 0.6410, 0.6466, 0.6522, 0.6579, 0.6637, 0.6696, 0.6757, 0.6818, 0.6881, 0.6944, 0.7009, 0.7075, 0.7143, 0.7212, 0.7282, 0.7353, 0.7426, 0.7500, 0.7576, 0.7653, 0.7732, 0.7812, 0.7895, 0.7979, 0.8065, 0.8152, 0.8242, 0.8333, 0.8427, 0.8523, 0.8621, 0.8721, 0.8824, 0.8929, 0.9036, 0.9146, 0.9259, 0.9375, 0.9494, 0.9615, 0.9740, 0.9868, 1.0000, 1.0000, 1.0000, 1.0000, 1.0000, 1.0000, 1.0000, 1.0000, 1.0000, 1.0000, 1.0000, 1.0000, 1.0000, 1.0000, 1.0000, 1.0000, 1.0000, 1.0000, 1.0000, 1.0000, 1.0000, 1.0000, 1.0000, 1.0000, 1.0000, 1.0000, 1.0000, 1.0000, 1.0000, 1.0000, 1.0000, 1.0000, 1.0000, 1.0000, 1.0000, 1.0000, 1.0000, 1.0000, 1.0000, 1.0000, 1.0000, 1.0000, 1.0000, 1.0000, 1.0000, 1.0000, 1.0000, 1.0000, 1.0000, 1.0000, 1.0000, 1.0000, 1.0000, 1.0000, 1.0000, 1.0000, 1.0000, 1.0000, 1.0000, 1.0000, 1.0000, 1.0000, 1.0000, 1.0000, 1.0000, 1.0000, 1.0000, 1.0000, 1.0000, 1.0000, 1.0000
Recall: 1.0000, 1.0000, 1.0000, 1.0000, 1.0000, 1.0000, 1.0000, 1.0000, 1.0000, 1.0000, 1.0000, 1.0000, 1.0000, 1.0000, 1.0000, 1.0000, 1.0000, 1.0000, 1.0000, 1.0000, 1.0000, 1.0000, 1.0000, 1.0000, 1.0000, 1.0000, 1.0000, 1.0000, 1.0000, 1.0000, 1.0000, 1.0000, 1.0000, 1.0000, 1.0000, 1.0000, 1.0000, 1.0000, 1.0000, 1.0000, 1.0000, 1.0000, 1.0000, 1.0000, 1.0000, 1.0000, 1.0000, 1.0000, 1.0000, 1.0000, 1.0000, 1.0000, 1.0000, 1.0000, 1.0000, 1.0000, 1.0000, 1.0000, 1.0000, 1.0000, 1.0000, 1.0000, 1.0000, 1.0000, 1.0000, 1.0000, 1.0000, 1.0000, 1.0000, 1.0000, 1.0000, 1.0000, 1.0000, 1.0000, 1.0000, 1.0000, 1.0000, 1.0000, 1.0000, 1.0000, 1.0000, 1.0000, 1.0000, 1.0000, 1.0000, 1.0000, 1.0000, 1.0000, 1.0000, 1.0000, 1.0000, 1.0000, 1.0000, 1.0000, 1.0000, 1.0000, 1.0000, 1.0000, 1.0000, 1.0000, 1.0000, 1.0000, 1.0000, 1.0000, 1.0000, 1.0000, 1.0000, 1.0000, 1.0000, 1.0000, 1.0000, 1.0000, 1.0000, 1.0000, 1.0000, 1.0000, 1.0000, 1.0000, 1.0000, 1.0000, 1.0000, 1.0000, 1.0000, 1.0000, 1.0000, 1.0000, 1.0000, 1.0000, 1.0000, 1.0000, 1.0000, 1.0000, 1.0000, 1.0000, 1.0000, 1.0000, 1.0000, 1.0000, 1.0000, 1.0000, 1.0000, 1.0000, 1.0000, 1.0000, 1.0000, 1.0000, 1.0000, 1.0000, 1.0000, 1.0000, 1.0000, 1.0000, 1.0000, 1.0000, 1.0000, 1.0000, 1.0000, 1.0000, 1.0000, 1.0000, 1.0000, 1.0000, 1.0000, 1.0000, 1.0000, 1.0000, 1.0000, 1.0000, 1.0000, 1.0000, 1.0000, 1.0000, 1.0000, 1.0000, 1.0000, 1.0000, 1.0000, 1.0000, 1.0000, 1.0000, 1.0000, 1.0000, 1.0000, 1.0000, 1.0000, 0.9747, 0.9494, 0.9494, 0.9494, 0.9494, 0.9494, 0.9494, 0.9494, 0.9494, 0.9494, 0.9494, 0.9494, 0.9494, 0.9494, 0.9494, 0.9494, 0.9494, 0.9494, 0.9494, 0.9494, 0.9494, 0.9494, 0.9494, 0.9494, 0.9494, 0.9494, 0.9494, 0.9494, 0.9494, 0.9494, 0.9494, 0.9494, 0.9494, 0.9494, 0.9494, 0.9494, 0.9494, 0.9494, 0.9494, 0.9494, 0.9494, 0.9494, 0.9494, 0.9494, 0.9494, 0.9494, 0.9494, 0.9494, 0.9494, 0.9367, 0.9241, 0.9114, 0.8987, 0.8861, 0.8734, 0.8608, 0.8481, 0.8354, 0.8228, 0.8101, 0.7975, 0.7848, 0.7722, 0.7595, 0.7468, 0.7342, 0.7215, 0.7089, 0.6962, 0.6835, 0.6709, 0.6582, 0.6456, 0.6329, 0.6203, 0.6076, 0.5949, 0.5823, 0.5696, 0.5570, 0.5443, 0.5316, 0.5190, 0.5063, 0.4937, 0.4810, 0.4684, 0.4557, 0.4430, 0.4304, 0.4177, 0.4051, 0.3924, 0.3797, 0.3671, 0.3544, 0.3418, 0.3291, 0.3165, 0.3038, 0.2911, 0.2785, 0.2658, 0.2532, 0.2405, 0.2278, 0.2152, 0.2025, 0.1899, 0.1772, 0.1646, 0.1519, 0.1392, 0.1266, 0.1013, 0.0886, 0.0759, 0.0633, 0.0000

African:
Precision: 0.3370, 0.3418, 0.3428, 0.3438, 0.3447, 0.3467, 0.3477, 0.3487, 0.3497, 0.3507, 0.3517, 0.3528, 0.3538, 0.3548, 0.3559, 0.3569, 0.3580, 0.3591, 0.3601, 0.3612, 0.3623, 0.3634, 0.3645, 0.3656, 0.3667, 0.3678, 0.3689, 0.3700, 0.3712, 0.3723, 0.3735, 0.3746, 0.3758, 0.3769, 0.3781, 0.3793, 0.3805, 0.3817, 0.3829, 0.3841, 0.3854, 0.3866, 0.3878, 0.3891, 0.3903, 0.3916, 0.3929, 0.3941, 0.3954, 0.3967, 0.3980, 0.3993, 0.4007, 0.4020, 0.4033, 0.4047, 0.4060, 0.4074, 0.4088, 0.4102, 0.4116, 0.4130, 0.4144, 0.4158, 0.4172, 0.4187, 0.4201, 0.4216, 0.4231, 0.4246, 0.4261, 0.4276, 0.4291, 0.4306, 0.4321, 0.4337, 0.4353, 0.4368, 0.4384, 0.4400, 0.4449, 0.4465, 0.4481, 0.4498, 0.4515, 0.4532, 0.4549, 0.4566, 0.4583, 0.4601, 0.4618, 0.4636, 0.4654, 0.4672, 0.4690, 0.4708, 0.4727, 0.4745, 0.4764, 0.4783, 0.4802, 0.4821, 0.4840, 0.4859, 0.4879, 0.4899, 0.4919, 0.4939, 0.4959, 0.4979, 0.5000, 0.5021, 0.5042, 0.5063, 0.5084, 0.5171, 0.5193, 0.5216, 0.5238, 0.5261, 0.5284, 0.5307, 0.5330, 0.5354, 0.5378, 0.5402, 0.5426, 0.5450, 0.5475, 0.5500, 0.5525, 0.5550, 0.5576, 0.5602, 0.5628, 0.5654, 0.5681, 0.5708, 0.5735, 0.5762, 0.5789, 0.5817, 0.5845, 0.5874, 0.5902, 0.5931, 0.5961, 0.5990, 0.6020, 0.6050, 0.6080, 0.6111, 0.6142, 0.6173, 0.6205, 0.6237, 0.6269, 0.6302, 0.6335, 0.6368, 0.6402, 0.6436, 0.6471, 0.6505, 0.6541, 0.6576, 0.6612, 0.6648, 0.6685, 0.6722, 0.6760, 0.6798, 0.6836, 0.6875, 0.6914, 0.6954, 0.6994, 0.7035, 0.7076, 0.7118, 0.7160, 0.7202, 0.7246, 0.7289, 0.7333, 0.7378, 0.7423, 0.7469, 0.7516, 0.7562, 0.7610, 0.7658, 0.7707, 0.7756, 0.7806, 0.7857, 0.7908, 0.7961, 0.8013, 0.8067, 0.8121, 0.8176, 0.8231, 0.8288, 0.8345, 0.8403, 0.8462, 0.8521, 0.8582, 0.8643, 0.8705, 0.8768, 0.8832, 0.8897, 0.8963, 0.9030, 0.9098, 0.9308, 0.9380, 0.9453, 0.9603, 0.9680, 0.9837, 1.0000, 1.0000, 1.0000, 1.0000, 1.0000, 1.0000, 1.0000, 1.0000, 1.0000, 1.0000, 1.0000, 1.0000, 1.0000, 1.0000, 1.0000, 1.0000, 1.0000, 1.0000, 1.0000, 1.0000, 1.0000, 1.0000, 1.0000, 1.0000, 1.0000, 1.0000, 1.0000, 1.0000, 1.0000, 1.0000, 1.0000, 1.0000, 1.0000, 1.0000, 1.0000, 1.0000, 1.0000, 1.0000, 1.0000, 1.0000, 1.0000, 1.0000, 1.0000, 1.0000, 1.0000, 1.0000, 1.0000, 1.0000, 1.0000, 1.0000, 1.0000, 1.0000, 1.0000, 1.0000, 1.0000, 1.0000, 1.0000, 1.0000, 1.0000, 1.0000, 1.0000, 1.0000, 1.0000, 1.0000, 1.0000, 1.0000, 1.0000, 1.0000, 1.0000, 1.0000, 1.0000, 1.0000, 1.0000, 1.0000, 1.0000, 1.0000, 1.0000, 1.0000, 1.0000, 1.0000, 1.0000
Recall: 1.0000, 1.0000, 1.0000, 1.0000, 1.0000, 1.0000, 1.0000, 1.0000, 1.0000, 1.0000, 1.0000, 1.0000, 1.0000, 1.0000, 1.0000, 1.0000, 1.0000, 1.0000, 1.0000, 1.0000, 1.0000, 1.0000, 1.0000, 1.0000, 1.0000, 1.0000, 1.0000, 1.0000, 1.0000, 1.0000, 1.0000, 1.0000, 1.0000, 1.0000, 1.0000, 1.0000, 1.0000, 1.0000, 1.0000, 1.0000, 1.0000, 1.0000, 1.0000, 1.0000, 1.0000, 1.0000, 1.0000, 1.0000, 1.0000, 1.0000, 1.0000, 1.0000, 1.0000, 1.0000, 1.0000, 1.0000, 1.0000, 1.0000, 1.0000, 1.0000, 1.0000, 1.0000, 1.0000, 1.0000, 1.0000, 1.0000, 1.0000, 1.0000, 1.0000, 1.0000, 1.0000, 1.0000, 1.0000, 1.0000, 1.0000, 1.0000, 1.0000, 1.0000, 1.0000, 1.0000, 1.0000, 1.0000, 1.0000, 1.0000, 1.0000, 1.0000, 1.0000, 1.0000, 1.0000, 1.0000, 1.0000, 1.0000, 1.0000, 1.0000, 1.0000, 1.0000, 1.0000, 1.0000, 1.0000, 1.0000, 1.0000, 1.0000, 1.0000, 1.0000, 1.0000, 1.0000, 1.0000, 1.0000, 1.0000, 1.0000, 1.0000, 1.0000, 1.0000, 1.0000, 1.0000, 1.0000, 1.0000, 1.0000, 1.0000, 1.0000, 1.0000, 1.0000, 1.0000, 1.0000, 1.0000, 1.0000, 1.0000, 1.0000, 1.0000, 1.0000, 1.0000, 1.0000, 1.0000, 1.0000, 1.0000, 1.0000, 1.0000, 1.0000, 1.0000, 1.0000, 1.0000, 1.0000, 1.0000, 1.0000, 1.0000, 1.0000, 1.0000, 1.0000, 1.0000, 1.0000, 1.0000, 1.0000, 1.0000, 1.0000, 1.0000, 1.0000, 1.0000, 1.0000, 1.0000, 1.0000, 1.0000, 1.0000, 1.0000, 1.0000, 1.0000, 1.0000, 1.0000, 1.0000, 1.0000, 1.0000, 1.0000, 1.0000, 1.0000, 1.0000, 1.0000, 1.0000, 1.0000, 1.0000, 1.0000, 1.0000, 1.0000, 1.0000, 1.0000, 1.0000, 1.0000, 1.0000, 1.0000, 1.0000, 1.0000, 1.0000, 1.0000, 1.0000, 1.0000, 1.0000, 1.0000, 1.0000, 1.0000, 1.0000, 1.0000, 1.0000, 1.0000, 1.0000, 1.0000, 1.0000, 1.0000, 1.0000, 1.0000, 1.0000, 1.0000, 1.0000, 1.0000, 1.0000, 1.0000, 1.0000, 1.0000, 1.0000, 1.0000, 1.0000, 1.0000, 1.0000, 1.0000, 1.0000, 1.0000, 1.0000, 0.9917, 0.9835, 0.9752, 0.9669, 0.9587, 0.9504, 0.9421, 0.9339, 0.9256, 0.9174, 0.9091, 0.9008, 0.8926, 0.8843, 0.8678, 0.8512, 0.8430, 0.8347, 0.8182, 0.8099, 0.8017, 0.7934, 0.7769, 0.7686, 0.7603, 0.7521, 0.7438, 0.7273, 0.7107, 0.6860, 0.6694, 0.6446, 0.6281, 0.6198, 0.6033, 0.5868, 0.5702, 0.5620, 0.5455, 0.5372, 0.5289, 0.5124, 0.4793, 0.4711, 0.4628, 0.4463, 0.4380, 0.4215, 0.3802, 0.3719, 0.3471, 0.3388, 0.3223, 0.3140, 0.3058, 0.2975, 0.2893, 0.2810, 0.2314, 0.2149, 0.1983, 0.1901, 0.1818, 0.1736, 0.1653, 0.1405, 0.1240, 0.1157, 0.1074, 0.0992, 0.0909, 0.0826, 0.0744, 0.0661, 0.0579, 0.0496, 0.0413, 0.0331, 0.0248, 0.0000

Asian:
Precision: 0.4429, 0.4492, 0.4504, 0.4517, 0.4530, 0.4556, 0.4569, 0.4582, 0.4595, 0.4609, 0.4622, 0.4636, 0.4649, 0.4663, 0.4676, 0.4690, 0.4704, 0.4718, 0.4732, 0.4746, 0.4760, 0.4775, 0.4789, 0.4804, 0.4818, 0.4833, 0.4848, 0.4862, 0.4877, 0.4892, 0.4907, 0.4923, 0.4938, 0.4953, 0.4969, 0.4984, 0.5000, 0.5016, 0.5032, 0.5048, 0.5064, 0.5080, 0.5096, 0.5113, 0.5129, 0.5146, 0.5162, 0.5179, 0.5196, 0.5213, 0.5230, 0.5248, 0.5265, 0.5282, 0.5300, 0.5318, 0.5336, 0.5354, 0.5372, 0.5390, 0.5408, 0.5427, 0.5445, 0.5464, 0.5483, 0.5502, 0.5559, 0.5579, 0.5599, 0.5618, 0.5638, 0.5658, 0.5679, 0.5699, 0.5719, 0.5740, 0.5761, 0.5782, 0.5803, 0.5824, 0.5846, 0.5889, 0.5955, 0.5977, 0.6000, 0.6023, 0.6046, 0.6092, 0.6139, 0.6285, 0.6310, 0.6335, 0.6360, 0.6386, 0.6411, 0.6463, 0.6490, 0.6570, 0.6598, 0.6653, 0.6737, 0.6795, 0.6824, 0.6883, 0.6913, 0.6943, 0.7067, 0.7130, 0.7162, 0.7195, 0.7227, 0.7294, 0.7327, 0.7395, 0.7465, 0.7536, 0.7571, 0.7644, 0.7756, 0.7833, 0.7950, 0.8030, 0.8112, 0.8154, 0.8196, 0.8238, 0.8281, 0.8368, 0.8413, 0.8457, 0.8503, 0.8595, 0.8641, 0.8689, 0.8785, 0.8883, 0.8933, 0.8983, 0.9034, 0.9086, 0.9138, 0.9191, 0.9244, 0.9298, 0.9353, 0.9408, 0.9464, 0.9521, 0.9578, 0.9636, 0.9695, 0.9693, 0.9691, 0.9752, 0.9750, 0.9873, 1.0000, 1.0000, 1.0000, 1.0000, 1.0000, 1.0000, 1.0000, 1.0000, 1.0000, 1.0000, 1.0000, 1.0000, 1.0000, 1.0000, 1.0000, 1.0000, 1.0000, 1.0000, 1.0000, 1.0000, 1.0000, 1.0000, 1.0000, 1.0000, 1.0000, 1.0000, 1.0000, 1.0000, 1.0000, 1.0000, 1.0000, 1.0000, 1.0000, 1.0000, 1.0000, 1.0000, 1.0000, 1.0000, 1.0000, 1.0000, 1.0000, 1.0000, 1.0000, 1.0000, 1.0000, 1.0000, 1.0000, 1.0000, 1.0000, 1.0000, 1.0000, 1.0000, 1.0000, 1.0000, 1.0000, 1.0000, 1.0000, 1.0000, 1.0000, 1.0000, 1.0000, 1.0000, 1.0000, 1.0000, 1.0000, 1.0000, 1.0000, 1.0000, 1.0000, 1.0000, 1.0000, 1.0000, 1.0000, 1.0000, 1.0000, 1.0000, 1.0000, 1.0000, 1.0000, 1.0000, 1.0000, 1.0000, 1.0000, 1.0000, 1.0000, 1.0000, 1.0000, 1.0000, 1.0000, 1.0000, 1.0000, 1.0000, 1.0000, 1.0000, 1.0000, 1.0000, 1.0000, 1.0000, 1.0000, 1.0000, 1.0000, 1.0000, 1.0000, 1.0000, 1.0000, 1.0000, 1.0000, 1.0000, 1.0000, 1.0000, 1.0000, 1.0000, 1.0000, 1.0000, 1.0000, 1.0000, 1.0000, 1.0000, 1.0000, 1.0000, 1.0000, 1.0000, 1.0000, 1.0000, 1.0000, 1.0000, 1.0000, 1.0000, 1.0000, 1.0000, 1.0000, 1.0000, 1.0000, 1.0000, 1.0000, 1.0000, 1.0000, 1.0000, 1.0000, 1.0000, 1.0000, 1.0000, 1.0000, 1.0000, 1.0000, 1.0000, 1.0000, 1.0000, 1.0000
Recall: 1.0000, 1.0000, 1.0000, 1.0000, 1.0000, 1.0000, 1.0000, 1.0000, 1.0000, 1.0000, 1.0000, 1.0000, 1.0000, 1.0000, 1.0000, 1.0000, 1.0000, 1.0000, 1.0000, 1.0000, 1.0000, 1.0000, 1.0000, 1.0000, 1.0000, 1.0000, 1.0000, 1.0000, 1.0000, 1.0000, 1.0000, 1.0000, 1.0000, 1.0000, 1.0000, 1.0000, 1.0000, 1.0000, 1.0000, 1.0000, 1.0000, 1.0000, 1.0000, 1.0000, 1.0000, 1.0000, 1.0000, 1.0000, 1.0000, 1.0000, 1.0000, 1.0000, 1.0000, 1.0000, 1.0000, 1.0000, 1.0000, 1.0000, 1.0000, 1.0000, 1.0000, 1.0000, 1.0000, 1.0000, 1.0000, 1.0000, 1.0000, 1.0000, 1.0000, 1.0000, 1.0000, 1.0000, 1.0000, 1.0000, 1.0000, 1.0000, 1.0000, 1.0000, 1.0000, 1.0000, 1.0000, 1.0000, 1.0000, 1.0000, 1.0000, 1.0000, 1.0000, 1.0000, 1.0000, 1.0000, 1.0000, 1.0000, 1.0000, 1.0000, 1.0000, 1.0000, 1.0000, 1.0000, 1.0000, 1.0000, 1.0000, 1.0000, 1.0000, 1.0000, 1.0000, 1.0000, 1.0000, 1.0000, 1.0000, 1.0000, 1.0000, 1.0000, 1.0000, 1.0000, 1.0000, 1.0000, 1.0000, 1.0000, 1.0000, 1.0000, 1.0000, 1.0000, 1.0000, 1.0000, 1.0000, 1.0000, 1.0000, 1.0000, 1.0000, 1.0000, 1.0000, 1.0000, 1.0000, 1.0000, 1.0000, 1.0000, 1.0000, 1.0000, 1.0000, 1.0000, 1.0000, 1.0000, 1.0000, 1.0000, 1.0000, 1.0000, 1.0000, 1.0000, 1.0000, 1.0000, 1.0000, 0.9937, 0.9874, 0.9874, 0.9811, 0.9811, 0.9811, 0.9748, 0.9623, 0.9560, 0.9497, 0.9308, 0.9245, 0.9182, 0.9119, 0.9057, 0.8994, 0.8931, 0.8868, 0.8805, 0.8742, 0.8679, 0.8616, 0.8553, 0.8491, 0.8428, 0.8365, 0.8302, 0.8239, 0.8176, 0.8113, 0.8050, 0.7987, 0.7925, 0.7862, 0.7799, 0.7736, 0.7673, 0.7610, 0.7547, 0.7484, 0.7421, 0.7358, 0.7296, 0.7233, 0.7170, 0.7107, 0.7044, 0.6981, 0.6918, 0.6855, 0.6792, 0.6730, 0.6667, 0.6604, 0.6541, 0.6478, 0.6415, 0.6352, 0.6289, 0.6226, 0.6164, 0.6101, 0.6038, 0.5975, 0.5912, 0.5849, 0.5786, 0.5723, 0.5660, 0.5597, 0.5535, 0.5472, 0.5409, 0.5346, 0.5283, 0.5220, 0.5157, 0.5094, 0.5031, 0.4969, 0.4906, 0.4843, 0.4780, 0.4717, 0.4654, 0.4591, 0.4528, 0.4465, 0.4403, 0.4340, 0.4277, 0.4214, 0.4151, 0.4088, 0.4025, 0.3962, 0.3899, 0.3836, 0.3774, 0.3711, 0.3648, 0.3585, 0.3522, 0.3459, 0.3396, 0.3333, 0.3270, 0.3208, 0.3145, 0.3082, 0.3019, 0.2956, 0.2704, 0.2642, 0.2579, 0.2516, 0.2453, 0.2390, 0.2327, 0.2264, 0.2201, 0.2138, 0.2075, 0.2013, 0.1950, 0.1887, 0.1824, 0.1761, 0.1698, 0.1635, 0.1572, 0.1509, 0.1447, 0.1384, 0.1321, 0.1258, 0.1195, 0.1132, 0.1069, 0.1006, 0.0943, 0.0881, 0.0818, 0.0755, 0.0692, 0.0629, 0.0566, 0.0503, 0.0440, 0.0377, 0.0314, 0.0126, 0.0063, 0.0000


1K.csv:
-------
European:
Precision: 0.2201, 0.2213, 0.2219, 0.2225, 0.2232, 0.2238, 0.2244, 0.2251, 0.2257, 0.2270, 0.2277, 0.2283, 0.2290, 0.2297, 0.2303, 0.2310, 0.2317, 0.2324, 0.2330, 0.2337, 0.2344, 0.2351, 0.2358, 0.2365, 0.2372, 0.2380, 0.2387, 0.2394, 0.2401, 0.2409, 0.2416, 0.2423, 0.2431, 0.2438, 0.2453, 0.2461, 0.2469, 0.2476, 0.2492, 0.2500, 0.2508, 0.2516, 0.2524, 0.2532, 0.2540, 0.2548, 0.2557, 0.2565, 0.2573, 0.2582, 0.2590, 0.2599, 0.2607, 0.2616, 0.2625, 0.2633, 0.2642, 0.2651, 0.2660, 0.2669, 0.2678, 0.2687, 0.2696, 0.2705, 0.2715, 0.2724, 0.2734, 0.2743, 0.2753, 0.2762, 0.2772, 0.2782, 0.2792, 0.2811, 0.2821, 0.2832, 0.2842, 0.2852, 0.2862, 0.2873, 0.2883, 0.2894, 0.2904, 0.2915, 0.2926, 0.2937, 0.2948, 0.2959, 0.2970, 0.2981, 0.2992, 0.3004, 0.3015, 0.3027, 0.3038, 0.3050, 0.3062, 0.3074, 0.3086, 0.3098, 0.3110, 0.3123, 0.3135, 0.3147, 0.3160, 0.3173, 0.3185, 0.3198, 0.3211, 0.3224, 0.3238, 0.3251, 0.3264, 0.3278, 0.3319, 0.3333, 0.3347, 0.3362, 0.3376, 0.3391, 0.3405, 0.3420, 0.3435, 0.3450, 0.3465, 0.3480, 0.3496, 0.3511, 0.3527, 0.3543, 0.3559, 0.3575, 0.3591, 0.3607, 0.3624, 0.3641, 0.3657, 0.3674, 0.3692, 0.3762, 0.3780, 0.3798, 0.3816, 0.3835, 0.3854, 0.3873, 0.3892, 0.3911, 0.3930, 0.3950, 0.3970, 0.3990, 0.4010, 0.4031, 0.4051, 0.4072, 0.4093, 0.4115, 0.4136, 0.4158, 0.4180, 0.4202, 0.4225, 0.4247, 0.4270, 0.4293, 0.4317, 0.4341, 0.4365, 0.4389, 0.4413, 0.4438, 0.4463, 0.4489, 0.4514, 0.4540, 0.4566, 0.4593, 0.4620, 0.4647, 0.4675, 0.4702, 0.4731, 0.4759, 0.4788, 0.4817, 0.4847, 0.4877, 0.4907, 0.4938, 0.4969, 0.5000, 0.5032, 0.5064, 0.5097, 0.5130, 0.5163, 0.5197, 0.5232, 0.5267, 0.5302, 0.5338, 0.5374, 0.5411, 0.5448, 0.5486, 0.5563, 0.5603, 0.5643, 0.5683, 0.5725, 0.5766, 0.5809, 0.5852, 0.5789, 0.5833, 0.5878, 0.5923, 0.5969, 0.6016, 0.6063, 0.6111, 0.6160, 0.6210, 0.6260, 0.6198, 0.6250, 0.6303, 0.6271, 0.6325, 0.6379, 0.6435, 0.6491, 0.6549, 0.6607, 0.6667, 0.6727, 0.6789, 0.6852, 0.6916, 0.6981, 0.7048, 0.7115, 0.7184, 0.7255, 0.7228, 0.7300, 0.7374, 0.7449, 0.7526, 0.7604, 0.7684, 0.7766, 0.7849, 0.7826, 0.7912, 0.8000, 0.8090, 0.8182, 0.8276, 0.8256, 0.8353, 0.8333, 0.8434, 0.8415, 0.8519, 0.8625, 0.8608, 0.8590, 0.8571, 0.8553, 0.8667, 0.8649, 0.8767, 0.8889, 0.9014, 0.9143, 0.9130, 0.9118, 0.9104, 0.9091, 0.9077, 0.9062, 0.9206, 0.9194, 0.9180, 0.9167, 0.9153, 0.9310, 0.9298, 0.9286, 0.9273, 0.9259, 0.9245, 0.9231, 0.9412, 0.9400, 0.9388, 0.9375, 0.9362, 0.9348, 0.9556, 0.9545, 0.9535, 0.9524, 0.9512, 0.9500, 0.9487, 0.9474, 0.9459, 0.9444, 0.9429, 0.9412, 0.9394, 0.9375, 0.9355, 0.9333, 0.9310, 0.9286, 0.9259, 0.9231, 0.9200, 0.9167, 0.9565, 0.9545, 0.9524, 0.9500, 0.9474, 0.9444, 0.9412, 0.9375, 0.9333, 0.9286, 1.0000, 1.0000, 1.0000, 1.0000, 1.0000, 1.0000, 1.0000, 1.0000, 1.0000, 1.0000, 1.0000
Recall: 1.0000, 1.0000, 1.0000, 1.0000, 1.0000, 1.0000, 1.0000, 1.0000, 1.0000, 1.0000, 1.0000, 1.0000, 1.0000, 1.0000, 1.0000, 1.0000, 1.0000, 1.0000, 1.0000, 1.0000, 1.0000, 1.0000, 1.0000, 1.0000, 1.0000, 1.0000, 1.0000, 1.0000, 1.0000, 1.0000, 1.0000, 1.0000, 1.0000, 1.0000, 1.0000, 1.0000, 1.0000, 1.0000, 1.0000, 1.0000, 1.0000, 1.0000, 1.0000, 1.0000, 1.0000, 1.0000, 1.0000, 1.0000, 1.0000, 1.0000, 1.0000, 1.0000, 1.0000, 1.0000, 1.0000, 1.0000, 1.0000, 1.0000, 1.0000, 1.0000, 1.0000, 1.0000, 1.0000, 1.0000, 1.0000, 1.0000, 1.0000, 1.0000, 1.0000, 1.0000, 1.0000, 1.0000, 1.0000, 1.0000, 1.0000, 1.0000, 1.0000, 1.0000, 1.0000, 1.0000, 1.0000, 1.0000, 1.0000, 1.0000, 1.0000, 1.0000, 1.0000, 1.0000, 1.0000, 1.0000, 1.0000, 1.0000, 1.0000, 1.0000, 1.0000, 1.0000, 1.0000, 1.0000, 1.0000, 1.0000, 1.0000, 1.0000, 1.0000, 1.0000, 1.0000, 1.0000, 1.0000, 1.0000, 1.0000, 1.0000, 1.0000, 1.0000, 1.0000, 1.0000, 1.0000, 1.0000, 1.0000, 1.0000, 1.0000, 1.0000, 1.0000, 1.0000, 1.0000, 1.0000, 1.0000, 1.0000, 1.0000, 1.0000, 1.0000, 1.0000, 1.0000, 1.0000, 1.0000, 1.0000, 1.0000, 1.0000, 1.0000, 1.0000, 1.0000, 1.0000, 1.0000, 1.0000, 1.0000, 1.0000, 1.0000, 1.0000, 1.0000, 1.0000, 1.0000, 1.0000, 1.0000, 1.0000, 1.0000, 1.0000, 1.0000, 1.0000, 1.0000, 1.0000, 1.0000, 1.0000, 1.0000, 1.0000, 1.0000, 1.0000, 1.0000, 1.0000, 1.0000, 1.0000, 1.0000, 1.0000, 1.0000, 1.0000, 1.0000, 1.0000, 1.0000, 1.0000, 1.0000, 1.0000, 1.0000, 1.0000, 1.0000, 1.0000, 1.0000, 1.0000, 1.0000, 1.0000, 1.0000, 1.0000, 1.0000, 1.0000, 1.0000, 1.0000, 1.0000, 1.0000, 1.0000, 1.0000, 1.0000, 1.0000, 1.0000, 1.0000, 1.0000, 1.0000, 1.0000, 1.0000, 1.0000, 1.0000, 1.0000, 1.0000, 1.0000, 1.0000, 1.0000, 1.0000, 1.0000, 1.0000, 0.9747, 0.9747, 0.9747, 0.9747, 0.9747, 0.9747, 0.9747, 0.9747, 0.9747, 0.9747, 0.9747, 0.9494, 0.9494, 0.9494, 0.9367, 0.9367, 0.9367, 0.9367, 0.9367, 0.9367, 0.9367, 0.9367, 0.9367, 0.9367, 0.9367, 0.9367, 0.9367, 0.9367, 0.9367, 0.9367, 0.9367, 0.9241, 0.9241, 0.9241, 0.9241, 0.9241, 0.9241, 0.9241, 0.9241, 0.9241, 0.9114, 0.9114, 0.9114, 0.9114, 0.9114, 0.9114, 0.8987, 0.8987, 0.8861, 0.8861, 0.8734, 0.8734, 0.8734, 0.8608, 0.8481, 0.8354, 0.8228, 0.8228, 0.8101, 0.8101, 0.8101, 0.8101, 0.8101, 0.7975, 0.7848, 0.7722, 0.7595, 0.7468, 0.7342, 0.7342, 0.7215, 0.7089, 0.6962, 0.6835, 0.6835, 0.6709, 0.6582, 0.6456, 0.6329, 0.6203, 0.6076, 0.6076, 0.5949, 0.5823, 0.5696, 0.5570, 0.5443, 0.5443, 0.5316, 0.5190, 0.5063, 0.4937, 0.4810, 0.4684, 0.4557, 0.4430, 0.4304, 0.4177, 0.4051, 0.3924, 0.3797, 0.3671, 0.3544, 0.3418, 0.3291, 0.3165, 0.3038, 0.2911, 0.2785, 0.2785, 0.2658, 0.2532, 0.2405, 0.2278, 0.2152, 0.2025, 0.1899, 0.1772, 0.1646, 0.1646, 0.1392, 0.1266, 0.1139, 0.1013, 0.0886, 0.0759, 0.0633, 0.0506, 0.0380, 0.0000

African:
Precision: 0.3370, 0.3399, 0.3408, 0.3418, 0.3428, 0.3438, 0.3447, 0.3457, 0.3467, 0.3477, 0.3497, 0.3507, 0.3517, 0.3499, 0.3509, 0.3519, 0.3529, 0.3540, 0.3550, 0.3561, 0.3571, 0.3582, 0.3593, 0.3604, 0.3614, 0.3625, 0.3636, 0.3647, 0.3659, 0.3670, 0.3681, 0.3692, 0.3704, 0.3715, 0.3727, 0.3738, 0.3750, 0.3762, 0.3774, 0.3785, 0.3797, 0.3810, 0.3822, 0.3834, 0.3846, 0.3859, 0.3871, 0.3883, 0.3896, 0.3909, 0.3922, 0.3934, 0.3947, 0.3960, 0.3974, 0.3987, 0.4000, 0.4013, 0.4027, 0.4040, 0.4054, 0.4068, 0.4082, 0.4096, 0.4110, 0.4124, 0.4138, 0.4152, 0.4167, 0.4181, 0.4196, 0.4211, 0.4225, 0.4240, 0.4255, 0.4270, 0.4286, 0.4301, 0.4317, 0.4332, 0.4348, 0.4364, 0.4380, 0.4396, 0.4412, 0.4428, 0.4444, 0.4461, 0.4478, 0.4457, 0.4474, 0.4491, 0.4508, 0.4525, 0.4595, 0.4612, 0.4630, 0.4648, 0.4667, 0.4685, 0.4704, 0.4722, 0.4741, 0.4760, 0.4779, 0.4798, 0.4818, 0.4837, 0.4857, 0.4877, 0.4897, 0.4917, 0.4938, 0.4958, 0.4979, 0.5000, 0.5021, 0.5042, 0.5064, 0.5085, 0.5107, 0.5129, 0.5152, 0.5174, 0.5197, 0.5219, 0.5242, 0.5265, 0.5289, 0.5312, 0.5336, 0.5360, 0.5385, 0.5409, 0.5434, 0.5459, 0.5484, 0.5509, 0.5535, 0.5561, 0.5587, 0.5613, 0.5640, 0.5667, 0.5694, 0.5721, 0.5749, 0.5777, 0.5805, 0.5833, 0.5862, 0.5891, 0.5920, 0.5950, 0.5980, 0.6010, 0.6041, 0.6071, 0.6103, 0.6134, 0.6166, 0.6198, 0.6230, 0.6263, 0.6296, 0.6330, 0.6364, 0.6398, 0.6432, 0.6467, 0.6503, 0.6538, 0.6575, 0.6611, 0.6648, 0.6685, 0.6723, 0.6839, 0.6879, 0.6919, 0.6959, 0.7000, 0.7041, 0.7083, 0.7126, 0.7169, 0.7212, 0.7256, 0.7239, 0.7284, 0.7329, 0.7375, 0.7421, 0.7516, 0.7564, 0.7613, 0.7662, 0.7712, 0.7763, 0.7815, 0.7867, 0.7919, 0.7973, 0.8027, 0.8082, 0.8138, 0.8194, 0.8252, 0.8310, 0.8369, 0.8429, 0.8551, 0.8613, 0.8676, 0.8741, 0.8806, 0.8872, 0.8939, 0.9008, 0.9077, 0.9219, 0.9291, 0.9365, 0.9440, 0.9516, 0.9593, 0.9672, 0.9752, 0.9833, 0.9916, 1.0000, 1.0000, 1.0000, 1.0000, 1.0000, 1.0000, 1.0000, 1.0000, 1.0000, 1.0000, 1.0000, 1.0000, 1.0000, 1.0000, 1.0000, 1.0000, 1.0000, 1.0000, 1.0000, 1.0000, 1.0000, 1.0000, 1.0000, 1.0000, 1.0000, 1.0000, 1.0000, 1.0000, 1.0000, 1.0000, 1.0000, 1.0000, 1.0000, 1.0000, 1.0000, 1.0000, 1.0000, 1.0000, 1.0000, 1.0000, 1.0000, 1.0000, 1.0000, 1.0000, 1.0000, 1.0000, 1.0000, 1.0000, 1.0000, 1.0000, 1.0000, 1.0000, 1.0000, 1.0000, 1.0000, 1.0000, 1.0000, 1.0000, 1.0000, 1.0000, 1.0000, 1.0000, 1.0000, 1.0000, 1.0000, 1.0000, 1.0000, 1.0000, 1.0000, 1.0000, 1.0000, 1.0000, 1.0000, 1.0000, 1.0000, 1.0000, 1.0000, 1.0000, 1.0000, 1.0000, 1.0000, 1.0000, 1.0000, 1.0000, 1.0000, 1.0000, 1.0000, 1.0000, 1.0000, 1.0000, 1.0000, 1.0000, 1.0000, 1.0000, 1.0000, 1.0000, 1.0000, 1.0000, 1.0000, 1.0000, 1.0000, 1.0000, 1.0000, 1.0000, 1.0000, 1.0000, 1.0000, 1.0000, 1.0000, 1.0000, 1.0000, 1.0000, 1.0000, 1.0000
Recall: 1.0000, 1.0000, 1.0000, 1.0000, 1.0000, 1.0000, 1.0000, 1.0000, 1.0000, 1.0000, 1.0000, 1.0000, 1.0000, 0.9917, 0.9917, 0.9917, 0.9917, 0.9917, 0.9917, 0.9917, 0.9917, 0.9917, 0.9917, 0.9917, 0.9917, 0.9917, 0.9917, 0.9917, 0.9917, 0.9917, 0.9917, 0.9917, 0.9917, 0.9917, 0.9917, 0.9917, 0.9917, 0.9917, 0.9917, 0.9917, 0.9917, 0.9917, 0.9917, 0.9917, 0.9917, 0.9917, 0.9917, 0.9917, 0.9917, 0.9917, 0.9917, 0.9917, 0.9917, 0.9917, 0.9917, 0.9917, 0.9917, 0.9917, 0.9917, 0.9917, 0.9917, 0.9917, 0.9917, 0.9917, 0.9917, 0.9917, 0.9917, 0.9917, 0.9917, 0.9917, 0.9917, 0.9917, 0.9917, 0.9917, 0.9917, 0.9917, 0.9917, 0.9917, 0.9917, 0.9917, 0.9917, 0.9917, 0.9917, 0.9917, 0.9917, 0.9917, 0.9917, 0.9917, 0.9917, 0.9835, 0.9835, 0.9835, 0.9835, 0.9835, 0.9835, 0.9835, 0.9835, 0.9835, 0.9835, 0.9835, 0.9835, 0.9835, 0.9835, 0.9835, 0.9835, 0.9835, 0.9835, 0.9835, 0.9835, 0.9835, 0.9835, 0.9835, 0.9835, 0.9835, 0.9835, 0.9835, 0.9835, 0.9835, 0.9835, 0.9835, 0.9835, 0.9835, 0.9835, 0.9835, 0.9835, 0.9835, 0.9835, 0.9835, 0.9835, 0.9835, 0.9835, 0.9835, 0.9835, 0.9835, 0.9835, 0.9835, 0.9835, 0.9835, 0.9835, 0.9835, 0.9835, 0.9835, 0.9835, 0.9835, 0.9835, 0.9835, 0.9835, 0.9835, 0.9835, 0.9835, 0.9835, 0.9835, 0.9835, 0.9835, 0.9835, 0.9835, 0.9835, 0.9835, 0.9835, 0.9835, 0.9835, 0.9835, 0.9835, 0.9835, 0.9835, 0.9835, 0.9835, 0.9835, 0.9835, 0.9835, 0.9835, 0.9835, 0.9835, 0.9835, 0.9835, 0.9835, 0.9835, 0.9835, 0.9835, 0.9835, 0.9835, 0.9835, 0.9835, 0.9835, 0.9835, 0.9835, 0.9835, 0.9835, 0.9752, 0.9752, 0.9752, 0.9752, 0.9752, 0.9752, 0.9752, 0.9752, 0.9752, 0.9752, 0.9752, 0.9752, 0.9752, 0.9752, 0.9752, 0.9752, 0.9752, 0.9752, 0.9752, 0.9752, 0.9752, 0.9752, 0.9752, 0.9752, 0.9752, 0.9752, 0.9752, 0.9752, 0.9752, 0.9752, 0.9752, 0.9752, 0.9752, 0.9752, 0.9752, 0.9752, 0.9752, 0.9752, 0.9752, 0.9752, 0.9752, 0.9752, 0.9752, 0.9669, 0.9587, 0.9504, 0.9421, 0.9339, 0.9256, 0.9174, 0.9091, 0.9008, 0.8926, 0.8843, 0.8760, 0.8678, 0.8595, 0.8512, 0.8430, 0.8347, 0.8264, 0.8182, 0.8099, 0.8017, 0.7934, 0.7851, 0.7769, 0.7686, 0.7603, 0.7521, 0.7438, 0.7355, 0.7273, 0.7190, 0.7107, 0.7025, 0.6942, 0.6860, 0.6777, 0.6694, 0.6612, 0.6529, 0.6446, 0.6364, 0.6281, 0.6198, 0.6116, 0.6033, 0.5950, 0.5785, 0.5702, 0.5620, 0.5537, 0.5455, 0.5372, 0.5289, 0.5207, 0.5124, 0.5041, 0.4959, 0.4876, 0.4793, 0.4711, 0.4628, 0.4545, 0.4463, 0.4380, 0.4298, 0.4215, 0.4132, 0.4050, 0.3967, 0.3884, 0.3802, 0.3719, 0.3636, 0.3554, 0.3471, 0.3388, 0.3223, 0.3140, 0.3058, 0.2975, 0.2810, 0.2727, 0.2645, 0.2562, 0.2479, 0.2397, 0.2314, 0.2231, 0.2149, 0.2066, 0.1983, 0.1901, 0.1818, 0.1736, 0.1653, 0.1570, 0.1488, 0.1405, 0.1322, 0.1240, 0.1157, 0.1074, 0.0992, 0.0909, 0.0744, 0.0661, 0.0579, 0.0496, 0.0413, 0.0331, 0.0248, 0.0165, 0.0000

Asian:
Precision: 0.4429, 0.4466, 0.4479, 0.4492, 0.4504, 0.4517, 0.4530, 0.4543, 0.4556, 0.4569, 0.4595, 0.4609, 0.4622, 0.4636, 0.4649, 0.4663, 0.4676, 0.4690, 0.4704, 0.4718, 0.4732, 0.4716, 0.4731, 0.4745, 0.4759, 0.4773, 0.4788, 0.4802, 0.4817, 0.4832, 0.4847, 0.4862, 0.4877, 0.4892, 0.4907, 0.4922, 0.4938, 0.4953, 0.4969, 0.4984, 0.5000, 0.5016, 0.5032, 0.5016, 0.5032, 0.5048, 0.5065, 0.5081, 0.5097, 0.5081, 0.5098, 0.5115, 0.5132, 0.5149, 0.5166, 0.5183, 0.5167, 0.5184, 0.5219, 0.5236, 0.5254, 0.5272, 0.5290, 0.5308, 0.5326, 0.5345, 0.5363, 0.5382, 0.5401, 0.5439, 0.5423, 0.5442, 0.5461, 0.5480, 0.5500, 0.5520, 0.5540, 0.5560, 0.5580, 0.5600, 0.5620, 0.5641, 0.5662, 0.5683, 0.5704, 0.5725, 0.5746, 0.5768, 0.5789, 0.5811, 0.5833, 0.5856, 0.5878, 0.5900, 0.5923, 0.5969, 0.5992, 0.6016, 0.6039, 0.6087, 0.6111, 0.6135, 0.6160, 0.6185, 0.6210, 0.6235, 0.6260, 0.6286, 0.6311, 0.6337, 0.6364, 0.6390, 0.6417, 0.6444, 0.6471, 0.6498, 0.6525, 0.6553, 0.6581, 0.6609, 0.6638, 0.6667, 0.6696, 0.6725, 0.6754, 0.6784, 0.6814, 0.6844, 0.6875, 0.6906, 0.6968, 0.7000, 0.7032, 0.7064, 0.7097, 0.7130, 0.7163, 0.7196, 0.7230, 0.7264, 0.7299, 0.7333, 0.7368, 0.7404, 0.7440, 0.7476, 0.7512, 0.7549, 0.7586, 0.7624, 0.7662, 0.7700, 0.7739, 0.7727, 0.7766, 0.7806, 0.7846, 0.7887, 0.7927, 0.7969, 0.8010, 0.8053, 0.8095, 0.8138, 0.8182, 0.8226, 0.8270, 0.8315, 0.8361, 0.8407, 0.8453, 0.8500, 0.8547, 0.8596, 0.8644, 0.8693, 0.8743, 0.8793, 0.8844, 0.8895, 0.8947, 0.9000, 0.8994, 0.9048, 0.9042, 0.9096, 0.9091, 0.9085, 0.9080, 0.9074, 0.9068, 0.9062, 0.9119, 0.9114, 0.9108, 0.9103, 0.9161, 0.9156, 0.9150, 0.9272, 0.9267, 0.9262, 0.9257, 0.9252, 0.9247, 0.9310, 0.9306, 0.9301, 0.9296, 0.9429, 0.9424, 0.9420, 0.9416, 0.9412, 0.9407, 0.9403, 0.9398, 0.9394, 0.9466, 0.9462, 0.9457, 0.9453, 0.9528, 0.9524, 0.9520, 0.9516, 0.9512, 0.9504, 0.9500, 0.9496, 0.9492, 0.9573, 0.9569, 0.9565, 0.9561, 0.9558, 0.9554, 0.9550, 0.9545, 0.9633, 0.9630, 0.9626, 0.9623, 0.9612, 0.9608, 0.9604, 0.9600, 0.9596, 0.9592, 0.9588, 0.9583, 0.9579, 0.9574, 0.9570, 0.9565, 0.9560, 0.9556, 0.9551, 0.9545, 0.9540, 0.9535, 0.9529, 0.9524, 0.9518, 0.9512, 0.9506, 0.9500, 0.9494, 0.9487, 0.9481, 0.9474, 0.9467, 0.9459, 0.9452, 0.9444, 0.9437, 0.9429, 0.9565, 0.9559, 0.9701, 0.9697, 0.9692, 0.9688, 0.9683, 0.9677, 0.9672, 0.9667, 0.9661, 0.9655, 0.9649, 0.9643, 0.9636, 0.9630, 0.9623, 0.9615, 0.9608, 0.9600, 0.9592, 0.9583, 0.9574, 0.9565, 0.9556, 0.9545, 0.9535, 0.9524, 0.9512, 0.9500, 0.9487, 0.9474, 0.9459, 0.9444, 0.9429, 0.9412, 0.9394, 0.9375, 0.9355, 0.9333, 0.9310, 0.9286, 0.9259, 0.9231, 0.9200, 0.9167, 0.9000, 0.8947, 0.8889, 0.8824, 0.8750, 0.8667, 0.9286, 0.9231, 0.9167, 0.9091, 0.9000, 0.8889, 0.8750, 0.8571, 0.8333, 0.8000, 0.7500, 0.6667, 0.5000, 1.0000, 1.0000
Recall: 1.0000, 1.0000, 1.0000, 1.0000, 1.0000, 1.0000, 1.0000, 1.0000, 1.0000, 1.0000, 1.0000, 1.0000, 1.0000, 1.0000, 1.0000, 1.0000, 1.0000, 1.0000, 1.0000, 1.0000, 1.0000, 0.9937, 0.9937, 0.9937, 0.9937, 0.9937, 0.9937, 0.9937, 0.9937, 0.9937, 0.9937, 0.9937, 0.9937, 0.9937, 0.9937, 0.9937, 0.9937, 0.9937, 0.9937, 0.9937, 0.9937, 0.9937, 0.9937, 0.9874, 0.9874, 0.9874, 0.9874, 0.9874, 0.9874, 0.9811, 0.9811, 0.9811, 0.9811, 0.9811, 0.9811, 0.9811, 0.9748, 0.9748, 0.9748, 0.9748, 0.9748, 0.9748, 0.9748, 0.9748, 0.9748, 0.9748, 0.9748, 0.9748, 0.9748, 0.9748, 0.9686, 0.9686, 0.9686, 0.9686, 0.9686, 0.9686, 0.9686, 0.9686, 0.9686, 0.9686, 0.9686, 0.9686, 0.9686, 0.9686, 0.9686, 0.9686, 0.9686, 0.9686, 0.9686, 0.9686, 0.9686, 0.9686, 0.9686, 0.9686, 0.9686, 0.9686, 0.9686, 0.9686, 0.9686, 0.9686, 0.9686, 0.9686, 0.9686, 0.9686, 0.9686, 0.9686, 0.9686, 0.9686, 0.9686, 0.9686, 0.9686, 0.9686, 0.9686, 0.9686, 0.9686, 0.9686, 0.9686, 0.9686, 0.9686, 0.9686, 0.9686, 0.9686, 0.9686, 0.9686, 0.9686, 0.9686, 0.9686, 0.9686, 0.9686, 0.9686, 0.9686, 0.9686, 0.9686, 0.9686, 0.9686, 0.9686, 0.9686, 0.9686, 0.9686, 0.9686, 0.9686, 0.9686, 0.9686, 0.9686, 0.9686, 0.9686, 0.9686, 0.9686, 0.9686, 0.9686, 0.9686, 0.9686, 0.9686, 0.9623, 0.9623, 0.9623, 0.9623, 0.9623, 0.9623, 0.9623, 0.9623, 0.9623, 0.9623, 0.9623, 0.9623, 0.9623, 0.9623, 0.9623, 0.9623, 0.9623, 0.9623, 0.9623, 0.9623, 0.9623, 0.9623, 0.9623, 0.9623, 0.9623, 0.9623, 0.9623, 0.9623, 0.9623, 0.9560, 0.9560, 0.9497, 0.9497, 0.9434, 0.9371, 0.9308, 0.9245, 0.9182, 0.9119, 0.9119, 0.9057, 0.8994, 0.8931, 0.8931, 0.8868, 0.8805, 0.8805, 0.8742, 0.8679, 0.8616, 0.8553, 0.8491, 0.8491, 0.8428, 0.8365, 0.8302, 0.8302, 0.8239, 0.8176, 0.8113, 0.8050, 0.7987, 0.7925, 0.7862, 0.7799, 0.7799, 0.7736, 0.7673, 0.7610, 0.7610, 0.7547, 0.7484, 0.7421, 0.7358, 0.7233, 0.7170, 0.7107, 0.7044, 0.7044, 0.6981, 0.6918, 0.6855, 0.6792, 0.6730, 0.6667, 0.6604, 0.6604, 0.6541, 0.6478, 0.6415, 0.6226, 0.6164, 0.6101, 0.6038, 0.5975, 0.5912, 0.5849, 0.5786, 0.5723, 0.5660, 0.5597, 0.5535, 0.5472, 0.5409, 0.5346, 0.5283, 0.5220, 0.5157, 0.5094, 0.5031, 0.4969, 0.4906, 0.4843, 0.4780, 0.4717, 0.4654, 0.4591, 0.4528, 0.4465, 0.4403, 0.4340, 0.4277, 0.4214, 0.4151, 0.4151, 0.4088, 0.4088, 0.4025, 0.3962, 0.3899, 0.3836, 0.3774, 0.3711, 0.3648, 0.3585, 0.3522, 0.3459, 0.3396, 0.3333, 0.3270, 0.3208, 0.3145, 0.3082, 0.3019, 0.2956, 0.2893, 0.2830, 0.2767, 0.2704, 0.2642, 0.2579, 0.2516, 0.2453, 0.2390, 0.2327, 0.2264, 0.2201, 0.2138, 0.2075, 0.2013, 0.1950, 0.1887, 0.1824, 0.1761, 0.1698, 0.1635, 0.1572, 0.1509, 0.1447, 0.1384, 0.1132, 0.1069, 0.1006, 0.0943, 0.0881, 0.0818, 0.0818, 0.0755, 0.0692, 0.0629, 0.0566, 0.0503, 0.0440, 0.0377, 0.0314, 0.0252, 0.0189, 0.0126, 0.0063, 0.0063, 0.0000


300K.csv:
---------
European:
Precision: 0.2201, 0.2219, 0.2225, 0.2232, 0.2238, 0.2244, 0.2277, 0.2290, 0.2297, 0.2303, 0.2317, 0.2380, 0.2387, 0.2394, 0.2409, 0.2516, 0.2540, 0.2557, 0.2565, 0.2599, 0.2633, 0.2651, 0.2660, 0.2669, 0.2696, 0.2862, 0.2873, 0.2904, 0.2992, 0.3004, 0.3015, 0.3027, 0.3038, 0.3062, 0.3074, 0.3086, 0.3160, 0.3173, 0.3211, 0.3224, 0.3238, 0.3251, 0.3264, 0.3278, 0.3292, 0.3305, 0.3319, 0.3333, 0.3347, 0.3391, 0.3405, 0.3420, 0.3435, 0.3450, 0.3465, 0.3480, 0.3496, 0.3543, 0.3559, 0.3575, 0.3591, 0.3607, 0.3624, 0.3641, 0.3657, 0.3692, 0.3709, 0.3744, 0.3762, 0.3780, 0.3798, 0.3854, 0.3873, 0.3950, 0.3970, 0.3990, 0.4010, 0.4031, 0.4051, 0.4072, 0.4093, 0.4115, 0.4136, 0.4158, 0.4180, 0.4225, 0.4247, 0.4270, 0.4293, 0.4317, 0.4341, 0.4365, 0.4413, 0.4438, 0.4463, 0.4489, 0.4540, 0.4566, 0.4593, 0.4620, 0.4647, 0.4675, 0.4759, 0.4817, 0.4847, 0.4907, 0.4969, 0.5000, 0.5032, 0.5064, 0.5097, 0.5130, 0.5163, 0.5197, 0.5232, 0.5267, 0.5302, 0.5411, 0.5486, 0.5524, 0.5563, 0.5603, 0.5643, 0.5683, 0.5725, 0.5809, 0.5852, 0.5896, 0.5940, 0.5985, 0.6031, 0.6124, 0.6220, 0.6270, 0.6371, 0.6423, 0.6475, 0.6529, 0.6583, 0.6639, 0.6752, 0.6696, 0.6637, 0.6696, 0.6757, 0.6818, 0.6881, 0.6944, 0.7009, 0.7075, 0.7143, 0.7212, 0.7282, 0.7353, 0.7426, 0.7500, 0.7576, 0.7653, 0.7732, 0.7812, 0.7895, 0.7979, 0.8065, 0.8152, 0.8242, 0.8333, 0.8427, 0.8523, 0.8621, 0.8721, 0.8824, 0.8929, 0.9036, 0.9146, 0.9259, 0.9375, 0.9494, 0.9615, 0.9740, 0.9868, 1.0000, 1.0000, 1.0000, 1.0000, 1.0000, 1.0000, 1.0000, 1.0000, 1.0000, 1.0000, 1.0000, 1.0000, 1.0000, 1.0000, 1.0000, 1.0000, 1.0000, 1.0000, 1.0000, 1.0000, 1.0000, 1.0000, 1.0000, 1.0000, 1.0000, 1.0000, 1.0000, 1.0000, 1.0000, 1.0000, 1.0000, 1.0000, 1.0000, 1.0000, 1.0000, 1.0000, 1.0000, 1.0000, 1.0000, 1.0000, 1.0000, 1.0000, 1.0000, 1.0000, 1.0000, 1.0000, 1.0000, 1.0000, 1.0000, 1.0000, 1.0000, 1.0000, 1.0000, 1.0000, 1.0000, 1.0000, 1.0000, 1.0000, 1.0000, 1.0000, 1.0000, 1.0000, 1.0000, 1.0000, 1.0000, 1.0000, 1.0000, 1.0000, 1.0000, 1.0000, 1.0000
Recall: 1.0000, 1.0000, 1.0000, 1.0000, 1.0000, 1.0000, 1.0000, 1.0000, 1.0000, 1.0000, 1.0000, 1.0000, 1.0000, 1.0000, 1.0000, 1.0000, 1.0000, 1.0000, 1.0000, 1.0000, 1.0000, 1.0000, 1.0000, 1.0000, 1.0000, 1.0000, 1.0000, 1.0000, 1.0000, 1.0000, 1.0000, 1.0000, 1.0000, 1.0000, 1.0000, 1.0000, 1.0000, 1.0000, 1.0000, 1.0000, 1.0000, 1.0000, 1.0000, 1.0000, 1.0000, 1.0000, 1.0000, 1.0000, 1.0000, 1.0000, 1.0000, 1.0000, 1.0000, 1.0000, 1.0000, 1.0000, 1.0000, 1.0000, 1.0000, 1.0000, 1.0000, 1.0000, 1.0000, 1.0000, 1.0000, 1.0000, 1.0000, 1.0000, 1.0000, 1.0000, 1.0000, 1.0000, 1.0000, 1.0000, 1.0000, 1.0000, 1.0000, 1.0000, 1.0000, 1.0000, 1.0000, 1.0000, 1.0000, 1.0000, 1.0000, 1.0000, 1.0000, 1.0000, 1.0000, 1.0000, 1.0000, 1.0000, 1.0000, 1.0000, 1.0000, 1.0000, 1.0000, 1.0000, 1.0000, 1.0000, 1.0000, 1.0000, 1.0000, 1.0000, 1.0000, 1.0000, 1.0000, 1.0000, 1.0000, 1.0000, 1.0000, 1.0000, 1.0000, 1.0000, 1.0000, 1.0000, 1.0000, 1.0000, 1.0000, 1.0000, 1.0000, 1.0000, 1.0000, 1.0000, 1.0000, 1.0000, 1.0000, 1.0000, 1.0000, 1.0000, 1.0000, 1.0000, 1.0000, 1.0000, 1.0000, 1.0000, 1.0000, 1.0000, 1.0000, 1.0000, 1.0000, 0.9747, 0.9494, 0.9494, 0.9494, 0.9494, 0.9494, 0.9494, 0.9494, 0.9494, 0.9494, 0.9494, 0.9494, 0.9494, 0.9494, 0.9494, 0.9494, 0.9494, 0.9494, 0.9494, 0.9494, 0.9494, 0.9494, 0.9494, 0.9494, 0.9494, 0.9494, 0.9494, 0.9494, 0.9494, 0.9494, 0.9494, 0.9494, 0.9494, 0.9494, 0.9494, 0.9494, 0.9494, 0.9494, 0.9494, 0.9494, 0.9367, 0.9241, 0.9114, 0.8987, 0.8861, 0.8734, 0.8608, 0.8481, 0.8354, 0.8228, 0.8101, 0.7975, 0.7848, 0.7595, 0.7468, 0.7342, 0.7215, 0.7089, 0.6962, 0.6835, 0.6709, 0.6582, 0.6456, 0.6329, 0.6203, 0.6076, 0.5949, 0.5823, 0.5696, 0.5570, 0.5443, 0.5316, 0.5190, 0.5063, 0.4937, 0.4810, 0.4684, 0.4557, 0.4430, 0.4304, 0.4177, 0.4051, 0.3924, 0.3797, 0.3671, 0.3544, 0.3418, 0.3291, 0.3165, 0.3038, 0.2911, 0.2785, 0.2658, 0.2532, 0.2405, 0.2278, 0.2152, 0.2025, 0.1899, 0.1772, 0.1646, 0.1519, 0.1392, 0.1266, 0.1139, 0.1013, 0.0759, 0.0633, 0.0506, 0.0000

African:
Precision: 0.3370, 0.3408, 0.3418, 0.3428, 0.3447, 0.3457, 0.3467, 0.3477, 0.3487, 0.3497, 0.3507, 0.3517, 0.3528, 0.3538, 0.3548, 0.3559, 0.3569, 0.3580, 0.3591, 0.3601, 0.3612, 0.3623, 0.3634, 0.3645, 0.3656, 0.3667, 0.3678, 0.3689, 0.3700, 0.3712, 0.3723, 0.3735, 0.3746, 0.3758, 0.3769, 0.3781, 0.3793, 0.3805, 0.3817, 0.3829, 0.3841, 0.3854, 0.3866, 0.3878, 0.3891, 0.3903, 0.3916, 0.3929, 0.3941, 0.3954, 0.3967, 0.3980, 0.3993, 0.4007, 0.4020, 0.4033, 0.4060, 0.4074, 0.4088, 0.4102, 0.4116, 0.4130, 0.4144, 0.4158, 0.4172, 0.4187, 0.4201, 0.4216, 0.4231, 0.4246, 0.4261, 0.4276, 0.4291, 0.4337, 0.4353, 0.4368, 0.4384, 0.4400, 0.4416, 0.4432, 0.4449, 0.4465, 0.4481, 0.4498, 0.4515, 0.4532, 0.4549, 0.4566, 0.4583, 0.4601, 0.4618, 0.4636, 0.4654, 0.4672, 0.4690, 0.4708, 0.4727, 0.4745, 0.4764, 0.4783, 0.4802, 0.4821, 0.4840, 0.4859, 0.4879, 0.4899, 0.4979, 0.5000, 0.5021, 0.5042, 0.5063, 0.5084, 0.5105, 0.5127, 0.5149, 0.5171, 0.5238, 0.5261, 0.5284, 0.5307, 0.5330, 0.5378, 0.5402, 0.5426, 0.5450, 0.5500, 0.5525, 0.5550, 0.5576, 0.5602, 0.5681, 0.5708, 0.5735, 0.5762, 0.5789, 0.5817, 0.5845, 0.5874, 0.5902, 0.5931, 0.5961, 0.5990, 0.6020, 0.6050, 0.6080, 0.6142, 0.6173, 0.6205, 0.6237, 0.6269, 0.6302, 0.6335, 0.6368, 0.6402, 0.6436, 0.6505, 0.6541, 0.6612, 0.6685, 0.6722, 0.6836, 0.6875, 0.6914, 0.6954, 0.6994, 0.7076, 0.7118, 0.7202, 0.7246, 0.7289, 0.7333, 0.7378, 0.7423, 0.7469, 0.7516, 0.7562, 0.7610, 0.7658, 0.7806, 0.7908, 0.7961, 0.8013, 0.8067, 0.8121, 0.8176, 0.8288, 0.8345, 0.8403, 0.8462, 0.8521, 0.8643, 0.8768, 0.8832, 0.8963, 0.9030, 0.9098, 0.9308, 0.9380, 0.9453, 0.9528, 0.9680, 0.9837, 1.0000, 1.0000, 1.0000, 1.0000, 1.0000, 1.0000, 1.0000, 1.0000, 1.0000, 1.0000, 1.0000, 1.0000, 1.0000, 1.0000, 1.0000, 1.0000, 1.0000, 1.0000, 1.0000, 1.0000, 1.0000, 1.0000, 1.0000, 1.0000, 1.0000, 1.0000, 1.0000, 1.0000, 1.0000, 1.0000, 1.0000, 1.0000, 1.0000, 1.0000, 1.0000, 1.0000, 1.0000, 1.0000, 1.0000, 1.0000, 1.0000, 1.0000, 1.0000, 1.0000, 1.0000, 1.0000, 1.0000, 1.0000, 1.0000
Recall: 1.0000, 1.0000, 1.0000, 1.0000, 1.0000, 1.0000, 1.0000, 1.0000, 1.0000, 1.0000, 1.0000, 1.0000, 1.0000, 1.0000, 1.0000, 1.0000, 1.0000, 1.0000, 1.0000, 1.0000, 1.0000, 1.0000, 1.0000, 1.0000, 1.0000, 1.0000, 1.0000, 1.0000, 1.0000, 1.0000, 1.0000, 1.0000, 1.0000, 1.0000, 1.0000, 1.0000, 1.0000, 1.0000, 1.0000, 1.0000, 1.0000, 1.0000, 1.0000, 1.0000, 1.0000, 1.0000, 1.0000, 1.0000, 1.0000, 1.0000, 1.0000, 1.0000, 1.0000, 1.0000, 1.0000, 1.0000, 1.0000, 1.0000, 1.0000, 1.0000, 1.0000, 1.0000, 1.0000, 1.0000, 1.0000, 1.0000, 1.0000, 1.0000, 1.0000, 1.0000, 1.0000, 1.0000, 1.0000, 1.0000, 1.0000, 1.0000, 1.0000, 1.0000, 1.0000, 1.0000, 1.0000, 1.0000, 1.0000, 1.0000, 1.0000, 1.0000, 1.0000, 1.0000, 1.0000, 1.0000, 1.0000, 1.0000, 1.0000, 1.0000, 1.0000, 1.0000, 1.0000, 1.0000, 1.0000, 1.0000, 1.0000, 1.0000, 1.0000, 1.0000, 1.0000, 1.0000, 1.0000, 1.0000, 1.0000, 1.0000, 1.0000, 1.0000, 1.0000, 1.0000, 1.0000, 1.0000, 1.0000, 1.0000, 1.0000, 1.0000, 1.0000, 1.0000, 1.0000, 1.0000, 1.0000, 1.0000, 1.0000, 1.0000, 1.0000, 1.0000, 1.0000, 1.0000, 1.0000, 1.0000, 1.0000, 1.0000, 1.0000, 1.0000, 1.0000, 1.0000, 1.0000, 1.0000, 1.0000, 1.0000, 1.0000, 1.0000, 1.0000, 1.0000, 1.0000, 1.0000, 1.0000, 1.0000, 1.0000, 1.0000, 1.0000, 1.0000, 1.0000, 1.0000, 1.0000, 1.0000, 1.0000, 1.0000, 1.0000, 1.0000, 1.0000, 1.0000, 1.0000, 1.0000, 1.0000, 1.0000, 1.0000, 1.0000, 1.0000, 1.0000, 1.0000, 1.0000, 1.0000, 1.0000, 1.0000, 1.0000, 1.0000, 1.0000, 1.0000, 1.0000, 1.0000, 1.0000, 1.0000, 1.0000, 1.0000, 1.0000, 1.0000, 1.0000, 1.0000, 1.0000, 1.0000, 1.0000, 1.0000, 1.0000, 1.0000, 1.0000, 1.0000, 1.0000, 1.0000, 0.9917, 0.9835, 0.9752, 0.9669, 0.9587, 0.9504, 0.9421, 0.9339, 0.9256, 0.9174, 0.9091, 0.9008, 0.8512, 0.8430, 0.8347, 0.8182, 0.8099, 0.8017, 0.7934, 0.7851, 0.7190, 0.6942, 0.6860, 0.5455, 0.5207, 0.5124, 0.5041, 0.4876, 0.4545, 0.4215, 0.4132, 0.3967, 0.3719, 0.2562, 0.2397, 0.2314, 0.2231, 0.1488, 0.1322, 0.1240, 0.1157, 0.0992, 0.0579, 0.0496, 0.0413, 0.0331, 0.0248, 0.0000

Asian:
Precision: 0.4429, 0.4479, 0.4492, 0.4504, 0.4530, 0.4543, 0.4556, 0.4569, 0.4582, 0.4595, 0.4609, 0.4622, 0.4636, 0.4649, 0.4663, 0.4676, 0.4690, 0.4704, 0.4718, 0.4732, 0.4746, 0.4760, 0.4775, 0.4789, 0.4804, 0.4818, 0.4833, 0.4848, 0.4862, 0.4877, 0.4892, 0.4907, 0.4923, 0.4938, 0.4953, 0.4969, 0.4984, 0.5000, 0.5016, 0.5032, 0.5048, 0.5064, 0.5080, 0.5096, 0.5113, 0.5129, 0.5146, 0.5162, 0.5179, 0.5196, 0.5213, 0.5230, 0.5248, 0.5265, 0.5282, 0.5300, 0.5318, 0.5354, 0.5372, 0.5390, 0.5408, 0.5427, 0.5445, 0.5464, 0.5483, 0.5502, 0.5521, 0.5540, 0.5559, 0.5579, 0.5599, 0.5658, 0.5679, 0.5699, 0.5719, 0.5740, 0.5803, 0.5846, 0.5889, 0.5911, 0.5933, 0.5977, 0.6187, 0.6211, 0.6235, 0.6285, 0.6653, 0.6737, 0.6795, 0.6824, 0.6943, 0.7067, 0.7130, 0.7162, 0.7195, 0.7294, 0.7910, 0.7950, 0.8071, 0.8413, 0.8457, 0.8503, 0.8548, 0.8595, 0.8689, 0.8736, 0.8785, 0.9086, 0.9138, 0.9191, 0.9244, 0.9298, 0.9353, 0.9408, 0.9464, 0.9521, 0.9578, 0.9636, 0.9695, 0.9755, 0.9753, 0.9752, 0.9750, 0.9748, 0.9747, 0.9872, 1.0000, 1.0000, 1.0000, 1.0000, 1.0000, 1.0000, 1.0000, 1.0000, 1.0000, 1.0000, 1.0000, 1.0000, 1.0000, 1.0000, 1.0000, 1.0000, 1.0000, 1.0000, 1.0000, 1.0000, 1.0000, 1.0000, 1.0000, 1.0000, 1.0000, 1.0000, 1.0000, 1.0000, 1.0000, 1.0000, 1.0000, 1.0000, 1.0000, 1.0000, 1.0000, 1.0000, 1.0000, 1.0000, 1.0000, 1.0000, 1.0000, 1.0000, 1.0000, 1.0000, 1.0000, 1.0000, 1.0000, 1.0000, 1.0000, 1.0000, 1.0000, 1.0000, 1.0000, 1.0000, 1.0000, 1.0000, 1.0000, 1.0000, 1.0000, 1.0000, 1.0000, 1.0000, 1.0000, 1.0000, 1.0000, 1.0000, 1.0000, 1.0000, 1.0000, 1.0000, 1.0000, 1.0000, 1.0000, 1.0000, 1.0000, 1.0000, 1.0000, 1.0000, 1.0000, 1.0000, 1.0000, 1.0000, 1.0000, 1.0000, 1.0000, 1.0000, 1.0000, 1.0000, 1.0000, 1.0000, 1.0000, 1.0000, 1.0000, 1.0000, 1.0000, 1.0000, 1.0000, 1.0000, 1.0000, 1.0000, 1.0000, 1.0000, 1.0000, 1.0000, 1.0000, 1.0000, 1.0000, 1.0000, 1.0000, 1.0000, 1.0000, 1.0000, 1.0000, 1.0000, 1.0000, 1.0000, 1.0000, 1.0000, 1.0000, 1.0000, 1.0000, 1.0000, 1.0000, 1.0000, 1.0000, 1.0000
Recall: 1.0000, 1.0000, 1.0000, 1.0000, 1.0000, 1.0000, 1.0000, 1.0000, 1.0000, 1.0000, 1.0000, 1.0000, 1.0000, 1.0000, 1.0000, 1.0000, 1.0000, 1.0000, 1.0000, 1.0000, 1.0000, 1.0000, 1.0000, 1.0000, 1.0000, 1.0000, 1.0000, 1.0000, 1.0000, 1.0000, 1.0000, 1.0000, 1.0000, 1.0000, 1.0000, 1.0000, 1.0000, 1.0000, 1.0000, 1.0000, 1.0000, 1.0000, 1.0000, 1.0000, 1.0000, 1.0000, 1.0000, 1.0000, 1.0000, 1.0000, 1.0000, 1.0000, 1.0000, 1.0000, 1.0000, 1.0000, 1.0000, 1.0000, 1.0000, 1.0000, 1.0000, 1.0000, 1.0000, 1.0000, 1.0000, 1.0000, 1.0000, 1.0000, 1.0000, 1.0000, 1.0000, 1.0000, 1.0000, 1.0000, 1.0000, 1.0000, 1.0000, 1.0000, 1.0000, 1.0000, 1.0000, 1.0000, 1.0000, 1.0000, 1.0000, 1.0000, 1.0000, 1.0000, 1.0000, 1.0000, 1.0000, 1.0000, 1.0000, 1.0000, 1.0000, 1.0000, 1.0000, 1.0000, 1.0000, 1.0000, 1.0000, 1.0000, 1.0000, 1.0000, 1.0000, 1.0000, 1.0000, 1.0000, 1.0000, 1.0000, 1.0000, 1.0000, 1.0000, 1.0000, 1.0000, 1.0000, 1.0000, 1.0000, 1.0000, 1.0000, 0.9937, 0.9874, 0.9811, 0.9748, 0.9686, 0.9686, 0.9686, 0.9560, 0.9497, 0.9434, 0.9371, 0.9308, 0.9119, 0.9057, 0.8994, 0.8868, 0.8805, 0.8679, 0.8553, 0.8491, 0.8428, 0.8365, 0.8302, 0.8176, 0.8113, 0.8050, 0.7987, 0.7925, 0.7862, 0.7736, 0.7547, 0.7484, 0.7421, 0.7358, 0.7296, 0.7233, 0.7170, 0.7107, 0.7044, 0.6981, 0.6918, 0.6792, 0.6730, 0.6604, 0.6541, 0.6478, 0.6415, 0.6352, 0.6164, 0.6101, 0.5975, 0.5849, 0.5786, 0.5660, 0.5597, 0.5535, 0.5472, 0.5409, 0.5346, 0.5283, 0.5220, 0.5157, 0.5094, 0.4969, 0.4906, 0.4843, 0.4780, 0.4717, 0.4654, 0.4591, 0.4528, 0.4465, 0.4403, 0.4340, 0.4277, 0.4214, 0.4151, 0.4088, 0.3899, 0.3836, 0.3774, 0.3711, 0.3648, 0.3522, 0.3459, 0.3396, 0.3333, 0.3208, 0.3145, 0.3082, 0.3019, 0.2956, 0.2767, 0.2704, 0.2642, 0.2579, 0.2516, 0.2453, 0.2390, 0.2327, 0.2264, 0.2201, 0.2138, 0.1887, 0.1824, 0.1761, 0.1698, 0.1635, 0.1572, 0.1509, 0.1447, 0.1384, 0.1321, 0.1258, 0.1195, 0.1132, 0.1069, 0.1006, 0.0943, 0.0881, 0.0818, 0.0755, 0.0692, 0.0629, 0.0566, 0.0503, 0.0440, 0.0377, 0.0314, 0.0252, 0.0189, 0.0000


50K.csv:
--------
European:
Precision: 0.2201, 0.2219, 0.2225, 0.2232, 0.2238, 0.2251, 0.2277, 0.2283, 0.2290, 0.2297, 0.2303, 0.2358, 0.2401, 0.2431, 0.2446, 0.2453, 0.2461, 0.2524, 0.2532, 0.2540, 0.2557, 0.2573, 0.2582, 0.2599, 0.2607, 0.2625, 0.2660, 0.2669, 0.2678, 0.2715, 0.2724, 0.2734, 0.2792, 0.2821, 0.2832, 0.2862, 0.2904, 0.2915, 0.2981, 0.2992, 0.3027, 0.3038, 0.3086, 0.3098, 0.3110, 0.3123, 0.3147, 0.3173, 0.3185, 0.3198, 0.3211, 0.3224, 0.3238, 0.3251, 0.3264, 0.3278, 0.3292, 0.3305, 0.3319, 0.3333, 0.3347, 0.3362, 0.3376, 0.3391, 0.3405, 0.3420, 0.3435, 0.3450, 0.3465, 0.3480, 0.3496, 0.3511, 0.3527, 0.3543, 0.3559, 0.3575, 0.3591, 0.3607, 0.3624, 0.3641, 0.3657, 0.3674, 0.3692, 0.3709, 0.3726, 0.3744, 0.3762, 0.3780, 0.3798, 0.3816, 0.3835, 0.3854, 0.3873, 0.3892, 0.3911, 0.3930, 0.3950, 0.3970, 0.4031, 0.4051, 0.4072, 0.4158, 0.4180, 0.4202, 0.4225, 0.4247, 0.4270, 0.4293, 0.4317, 0.4341, 0.4365, 0.4389, 0.4413, 0.4438, 0.4463, 0.4489, 0.4514, 0.4540, 0.4566, 0.4593, 0.4620, 0.4647, 0.4675, 0.4702, 0.4731, 0.4759, 0.4788, 0.4817, 0.4847, 0.4877, 0.4907, 0.4938, 0.4969, 0.5000, 0.5032, 0.5064, 0.5097, 0.5130, 0.5163, 0.5197, 0.5232, 0.5267, 0.5302, 0.5338, 0.5374, 0.5448, 0.5486, 0.5524, 0.5563, 0.5603, 0.5643, 0.5683, 0.5725, 0.5766, 0.5809, 0.5852, 0.5896, 0.5940, 0.5985, 0.6031, 0.6077, 0.6124, 0.6172, 0.6220, 0.6270, 0.6320, 0.6371, 0.6423, 0.6475, 0.6529, 0.6583, 0.6639, 0.6695, 0.6752, 0.6810, 0.6870, 0.6930, 0.6991, 0.7054, 0.7117, 0.7182, 0.7315, 0.7264, 0.7212, 0.7282, 0.7353, 0.7426, 0.7500, 0.7576, 0.7653, 0.7732, 0.7812, 0.7895, 0.7979, 0.8065, 0.8152, 0.8242, 0.8333, 0.8427, 0.8523, 0.8621, 0.8721, 0.8824, 0.8929, 0.9036, 0.9146, 0.9259, 0.9375, 0.9494, 0.9615, 0.9740, 0.9868, 1.0000, 1.0000, 1.0000, 1.0000, 1.0000, 1.0000, 1.0000, 1.0000, 1.0000, 1.0000, 1.0000, 1.0000, 1.0000, 1.0000, 1.0000, 1.0000, 1.0000, 1.0000, 1.0000, 1.0000, 1.0000, 1.0000, 1.0000, 1.0000, 1.0000, 1.0000, 1.0000, 1.0000, 1.0000, 1.0000, 1.0000, 1.0000, 1.0000, 1.0000, 1.0000, 1.0000, 1.0000, 1.0000, 1.0000, 1.0000, 1.0000, 1.0000, 1.0000, 1.0000, 1.0000, 1.0000, 1.0000, 1.0000, 1.0000, 1.0000, 1.0000, 1.0000, 1.0000, 1.0000, 1.0000, 1.0000, 1.0000, 1.0000, 1.0000, 1.0000, 1.0000, 1.0000, 1.0000, 1.0000, 1.0000, 1.0000, 1.0000, 1.0000, 1.0000, 1.0000, 1.0000, 1.0000, 1.0000
Recall: 1.0000, 1.0000, 1.0000, 1.0000, 1.0000, 1.0000, 1.0000, 1.0000, 1.0000, 1.0000, 1.0000, 1.0000, 1.0000, 1.0000, 1.0000, 1.0000, 1.0000, 1.0000, 1.0000, 1.0000, 1.0000, 1.0000, 1.0000, 1.0000, 1.0000, 1.0000, 1.0000, 1.0000, 1.0000, 1.0000, 1.0000, 1.0000, 1.0000, 1.0000, 1.0000, 1.0000, 1.0000, 1.0000, 1.0000, 1.0000, 1.0000, 1.0000, 1.0000, 1.0000, 1.0000, 1.0000, 1.0000, 1.0000, 1.0000, 1.0000, 1.0000, 1.0000, 1.0000, 1.0000, 1.0000, 1.0000, 1.0000, 1.0000, 1.0000, 1.0000, 1.0000, 1.0000, 1.0000, 1.0000, 1.0000, 1.0000, 1.0000, 1.0000, 1.0000, 1.0000, 1.0000, 1.0000, 1.0000, 1.0000, 1.0000, 1.0000, 1.0000, 1.0000, 1.0000, 1.0000, 1.0000, 1.0000, 1.0000, 1.0000, 1.0000, 1.0000, 1.0000, 1.0000, 1.0000, 1.0000, 1.0000, 1.0000, 1.0000, 1.0000, 1.0000, 1.0000, 1.0000, 1.0000, 1.0000, 1.0000, 1.0000, 1.0000, 1.0000, 1.0000, 1.0000, 1.0000, 1.0000, 1.0000, 1.0000, 1.0000, 1.0000, 1.0000, 1.0000, 1.0000, 1.0000, 1.0000, 1.0000, 1.0000, 1.0000, 1.0000, 1.0000, 1.0000, 1.0000, 1.0000, 1.0000, 1.0000, 1.0000, 1.0000, 1.0000, 1.0000, 1.0000, 1.0000, 1.0000, 1.0000, 1.0000, 1.0000, 1.0000, 1.0000, 1.0000, 1.0000, 1.0000, 1.0000, 1.0000, 1.0000, 1.0000, 1.0000, 1.0000, 1.0000, 1.0000, 1.0000, 1.0000, 1.0000, 1.0000, 1.0000, 1.0000, 1.0000, 1.0000, 1.0000, 1.0000, 1.0000, 1.0000, 1.0000, 1.0000, 1.0000, 1.0000, 1.0000, 1.0000, 1.0000, 1.0000, 1.0000, 1.0000, 1.0000, 1.0000, 1.0000, 1.0000, 1.0000, 1.0000, 1.0000, 1.0000, 1.0000, 1.0000, 1.0000, 0.9747, 0.9494, 0.9494, 0.9494, 0.9494, 0.9494, 0.9494, 0.9494, 0.9494, 0.9494, 0.9494, 0.9494, 0.9494, 0.9494, 0.9494, 0.9494, 0.9494, 0.9494, 0.9494, 0.9494, 0.9494, 0.9494, 0.9494, 0.9494, 0.9494, 0.9494, 0.9494, 0.9494, 0.9494, 0.9494, 0.9494, 0.9367, 0.9241, 0.9114, 0.8987, 0.8861, 0.8734, 0.8608, 0.8481, 0.8354, 0.8228, 0.8101, 0.7975, 0.7848, 0.7722, 0.7595, 0.7468, 0.7342, 0.7215, 0.7089, 0.6962, 0.6835, 0.6709, 0.6582, 0.6456, 0.6329, 0.6203, 0.6076, 0.5949, 0.5823, 0.5696, 0.5570, 0.5443, 0.5316, 0.5190, 0.5063, 0.4937, 0.4810, 0.4684, 0.4557, 0.4430, 0.4304, 0.4177, 0.4051, 0.3924, 0.3797, 0.3671, 0.3544, 0.3418, 0.3291, 0.3165, 0.3038, 0.2911, 0.2785, 0.2658, 0.2532, 0.2405, 0.2278, 0.2152, 0.2025, 0.1899, 0.1772, 0.1646, 0.1519, 0.1392, 0.1266, 0.1139, 0.1013, 0.0759, 0.0633, 0.0506, 0.0380, 0.0000

African:
Precision: 0.3370, 0.3399, 0.3408, 0.3418, 0.3428, 0.3447, 0.3457, 0.3467, 0.3477, 0.3487, 0.3497, 0.3507, 0.3517, 0.3528, 0.3538, 0.3548, 0.3559, 0.3569, 0.3580, 0.3591, 0.3601, 0.3612, 0.3623, 0.3634, 0.3645, 0.3656, 0.3667, 0.3678, 0.3689, 0.3700, 0.3712, 0.3723, 0.3735, 0.3746, 0.3758, 0.3769, 0.3781, 0.3793, 0.3805, 0.3817, 0.3829, 0.3841, 0.3854, 0.3866, 0.3878, 0.3891, 0.3903, 0.3916, 0.3929, 0.3941, 0.3954, 0.3967, 0.3980, 0.3993, 0.4007, 0.4020, 0.4033, 0.4047, 0.4060, 0.4074, 0.4088, 0.4102, 0.4116, 0.4130, 0.4144, 0.4158, 0.4172, 0.4187, 0.4201, 0.4216, 0.4231, 0.4246, 0.4261, 0.4276, 0.4291, 0.4337, 0.4353, 0.4368, 0.4384, 0.4400, 0.4416, 0.4432, 0.4449, 0.4465, 0.4481, 0.4498, 0.4515, 0.4532, 0.4549, 0.4566, 0.4583, 0.4601, 0.4618, 0.4636, 0.4654, 0.4672, 0.4690, 0.4708, 0.4727, 0.4745, 0.4764, 0.4783, 0.4859, 0.4879, 0.4899, 0.4919, 0.4939, 0.4959, 0.4979, 0.5000, 0.5021, 0.5042, 0.5063, 0.5084, 0.5105, 0.5127, 0.5149, 0.5171, 0.5193, 0.5216, 0.5238, 0.5261, 0.5284, 0.5307, 0.5330, 0.5354, 0.5378, 0.5402, 0.5426, 0.5450, 0.5475, 0.5500, 0.5525, 0.5550, 0.5576, 0.5602, 0.5628, 0.5654, 0.5681, 0.5708, 0.5735, 0.5762, 0.5789, 0.5817, 0.5845, 0.5874, 0.5902, 0.5931, 0.5961, 0.5990, 0.6020, 0.6050, 0.6080, 0.6111, 0.6142, 0.6173, 0.6205, 0.6237, 0.6269, 0.6302, 0.6335, 0.6368, 0.6402, 0.6436, 0.6471, 0.6505, 0.6541, 0.6576, 0.6612, 0.6648, 0.6685, 0.6722, 0.6760, 0.6798, 0.6836, 0.6875, 0.6914, 0.6954, 0.6994, 0.7035, 0.7076, 0.7118, 0.7160, 0.7202, 0.7246, 0.7289, 0.7333, 0.7378, 0.7423, 0.7469, 0.7516, 0.7610, 0.7658, 0.7707, 0.7756, 0.7806, 0.7857, 0.7908, 0.7961, 0.8013, 0.8067, 0.8121, 0.8176, 0.8231, 0.8288, 0.8345, 0.8403, 0.8462, 0.8521, 0.8582, 0.8643, 0.8705, 0.8768, 0.8832, 0.8897, 0.8963, 0.9030, 0.9098, 0.9308, 0.9380, 0.9453, 0.9528, 0.9680, 0.9837, 1.0000, 1.0000, 1.0000, 1.0000, 1.0000, 1.0000, 1.0000, 1.0000, 1.0000, 1.0000, 1.0000, 1.0000, 1.0000, 1.0000, 1.0000, 1.0000, 1.0000, 1.0000, 1.0000, 1.0000, 1.0000, 1.0000, 1.0000, 1.0000, 1.0000, 1.0000, 1.0000, 1.0000, 1.0000, 1.0000, 1.0000, 1.0000, 1.0000, 1.0000, 1.0000, 1.0000, 1.0000, 1.0000, 1.0000, 1.0000, 1.0000, 1.0000, 1.0000, 1.0000, 1.0000, 1.0000, 1.0000, 1.0000, 1.0000, 1.0000, 1.0000, 1.0000, 1.0000, 1.0000, 1.0000, 1.0000, 1.0000, 1.0000, 1.0000, 1.0000, 1.0000
Recall: 1.0000, 1.0000, 1.0000, 1.0000, 1.0000, 1.0000, 1.0000, 1.0000, 1.0000, 1.0000, 1.0000, 1.0000, 1.0000, 1.0000, 1.0000, 1.0000, 1.0000, 1.0000, 1.0000, 1.0000, 1.0000, 1.0000, 1.0000, 1.0000, 1.0000, 1.0000, 1.0000, 1.0000, 1.0000, 1.0000, 1.0000, 1.0000, 1.0000, 1.0000, 1.0000, 1.0000, 1.0000, 1.0000, 1.0000, 1.0000, 1.0000, 1.0000, 1.0000, 1.0000, 1.0000, 1.0000, 1.0000, 1.0000, 1.0000, 1.0000, 1.0000, 1.0000, 1.0000, 1.0000, 1.0000, 1.0000, 1.0000, 1.0000, 1.0000, 1.0000, 1.0000, 1.0000, 1.0000, 1.0000, 1.0000, 1.0000, 1.0000, 1.0000, 1.0000, 1.0000, 1.0000, 1.0000, 1.0000, 1.0000, 1.0000, 1.0000, 1.0000, 1.0000, 1.0000, 1.0000, 1.0000, 1.0000, 1.0000, 1.0000, 1.0000, 1.0000, 1.0000, 1.0000, 1.0000, 1.0000, 1.0000, 1.0000, 1.0000, 1.0000, 1.0000, 1.0000, 1.0000, 1.0000, 1.0000, 1.0000, 1.0000, 1.0000, 1.0000, 1.0000, 1.0000, 1.0000, 1.0000, 1.0000, 1.0000, 1.0000, 1.0000, 1.0000, 1.0000, 1.0000, 1.0000, 1.0000, 1.0000, 1.0000, 1.0000, 1.0000, 1.0000, 1.0000, 1.0000, 1.0000, 1.0000, 1.0000, 1.0000, 1.0000, 1.0000, 1.0000, 1.0000, 1.0000, 1.0000, 1.0000, 1.0000, 1.0000, 1.0000, 1.0000, 1.0000, 1.0000, 1.0000, 1.0000, 1.0000, 1.0000, 1.0000, 1.0000, 1.0000, 1.0000, 1.0000, 1.0000, 1.0000, 1.0000, 1.0000, 1.0000, 1.0000, 1.0000, 1.0000, 1.0000, 1.0000, 1.0000, 1.0000, 1.0000, 1.0000, 1.0000, 1.0000, 1.0000, 1.0000, 1.0000, 1.0000, 1.0000, 1.0000, 1.0000, 1.0000, 1.0000, 1.0000, 1.0000, 1.0000, 1.0000, 1.0000, 1.0000, 1.0000, 1.0000, 1.0000, 1.0000, 1.0000, 1.0000, 1.0000, 1.0000, 1.0000, 1.0000, 1.0000, 1.0000, 1.0000, 1.0000, 1.0000, 1.0000, 1.0000, 1.0000, 1.0000, 1.0000, 1.0000, 1.0000, 1.0000, 1.0000, 1.0000, 1.0000, 1.0000, 1.0000, 1.0000, 1.0000, 1.0000, 1.0000, 1.0000, 1.0000, 1.0000, 1.0000, 1.0000, 1.0000, 1.0000, 1.0000, 1.0000, 1.0000, 1.0000, 1.0000, 1.0000, 0.9917, 0.9835, 0.9752, 0.9669, 0.9587, 0.9504, 0.9421, 0.9339, 0.9256, 0.9174, 0.9091, 0.9008, 0.8926, 0.8843, 0.8678, 0.8512, 0.8430, 0.8347, 0.8264, 0.7934, 0.7851, 0.7769, 0.7273, 0.7190, 0.6860, 0.6612, 0.6529, 0.6281, 0.5785, 0.5702, 0.5620, 0.5289, 0.5207, 0.5124, 0.4793, 0.4628, 0.4545, 0.4380, 0.4298, 0.4132, 0.3967, 0.3884, 0.3802, 0.3140, 0.3058, 0.2975, 0.2810, 0.2479, 0.1983, 0.1322, 0.1240, 0.1157, 0.1074, 0.0992, 0.0661, 0.0496, 0.0413, 0.0331, 0.0248, 0.0000

Asian:
Precision: 0.4429, 0.4466, 0.4479, 0.4492, 0.4504, 0.4530, 0.4543, 0.4556, 0.4569, 0.4582, 0.4595, 0.4609, 0.4622, 0.4636, 0.4649, 0.4663, 0.4676, 0.4690, 0.4704, 0.4718, 0.4732, 0.4746, 0.4760, 0.4775, 0.4789, 0.4804, 0.4818, 0.4833, 0.4848, 0.4862, 0.4877, 0.4892, 0.4907, 0.4923, 0.4938, 0.4953, 0.4969, 0.4984, 0.5000, 0.5016, 0.5032, 0.5048, 0.5064, 0.5080, 0.5096, 0.5113, 0.5129, 0.5146, 0.5162, 0.5179, 0.5196, 0.5213, 0.5230, 0.5248, 0.5265, 0.5282, 0.5300, 0.5318, 0.5336, 0.5354, 0.5372, 0.5390, 0.5408, 0.5427, 0.5445, 0.5464, 0.5483, 0.5502, 0.5521, 0.5540, 0.5559, 0.5579, 0.5599, 0.5658, 0.5679, 0.5699, 0.5719, 0.5761, 0.5846, 0.5867, 0.5889, 0.5911, 0.5933, 0.6046, 0.6115, 0.6260, 0.6360, 0.6411, 0.6437, 0.6463, 0.6681, 0.6709, 0.6737, 0.6795, 0.6853, 0.6883, 0.6943, 0.6974, 0.7035, 0.7162, 0.7195, 0.7227, 0.7361, 0.7395, 0.7430, 0.7644, 0.7681, 0.7756, 0.7794, 0.7910, 0.8071, 0.8112, 0.8368, 0.8413, 0.8457, 0.8641, 0.8689, 0.8736, 0.8785, 0.8883, 0.8983, 0.9034, 0.9086, 0.9138, 0.9191, 0.9244, 0.9298, 0.9353, 0.9408, 0.9464, 0.9521, 0.9578, 0.9636, 0.9695, 0.9755, 0.9753, 0.9752, 0.9874, 1.0000, 1.0000, 1.0000, 1.0000, 1.0000, 1.0000, 1.0000, 1.0000, 1.0000, 1.0000, 1.0000, 1.0000, 1.0000, 1.0000, 1.0000, 1.0000, 1.0000, 1.0000, 1.0000, 1.0000, 1.0000, 1.0000, 1.0000, 1.0000, 1.0000, 1.0000, 1.0000, 1.0000, 1.0000, 1.0000, 1.0000, 1.0000, 1.0000, 1.0000, 1.0000, 1.0000, 1.0000, 1.0000, 1.0000, 1.0000, 1.0000, 1.0000, 1.0000, 1.0000, 1.0000, 1.0000, 1.0000, 1.0000, 1.0000, 1.0000, 1.0000, 1.0000, 1.0000, 1.0000, 1.0000, 1.0000, 1.0000, 1.0000, 1.0000, 1.0000, 1.0000, 1.0000, 1.0000, 1.0000, 1.0000, 1.0000, 1.0000, 1.0000, 1.0000, 1.0000, 1.0000, 1.0000, 1.0000, 1.0000, 1.0000, 1.0000, 1.0000, 1.0000, 1.0000, 1.0000, 1.0000, 1.0000, 1.0000, 1.0000, 1.0000, 1.0000, 1.0000, 1.0000, 1.0000, 1.0000, 1.0000, 1.0000, 1.0000, 1.0000, 1.0000, 1.0000, 1.0000, 1.0000, 1.0000, 1.0000, 1.0000, 1.0000, 1.0000, 1.0000, 1.0000, 1.0000, 1.0000, 1.0000, 1.0000, 1.0000, 1.0000, 1.0000, 1.0000, 1.0000, 1.0000, 1.0000, 1.0000, 1.0000, 1.0000, 1.0000, 1.0000, 1.0000, 1.0000, 1.0000, 1.0000, 1.0000, 1.0000, 1.0000, 1.0000, 1.0000, 1.0000, 1.0000, 1.0000, 1.0000, 1.0000, 1.0000, 1.0000, 1.0000, 1.0000, 1.0000, 1.0000, 1.0000, 1.0000, 1.0000, 1.0000, 1.0000, 1.0000, 1.0000, 1.0000
Recall: 1.0000, 1.0000, 1.0000, 1.0000, 1.0000, 1.0000, 1.0000, 1.0000, 1.0000, 1.0000, 1.0000, 1.0000, 1.0000, 1.0000, 1.0000, 1.0000, 1.0000, 1.0000, 1.0000, 1.0000, 1.0000, 1.0000, 1.0000, 1.0000, 1.0000, 1.0000, 1.0000, 1.0000, 1.0000, 1.0000, 1.0000, 1.0000, 1.0000, 1.0000, 1.0000, 1.0000, 1.0000, 1.0000, 1.0000, 1.0000, 1.0000, 1.0000, 1.0000, 1.0000, 1.0000, 1.0000, 1.0000, 1.0000, 1.0000, 1.0000, 1.0000, 1.0000, 1.0000, 1.0000, 1.0000, 1.0000, 1.0000, 1.0000, 1.0000, 1.0000, 1.0000, 1.0000, 1.0000, 1.0000, 1.0000, 1.0000, 1.0000, 1.0000, 1.0000, 1.0000, 1.0000, 1.0000, 1.0000, 1.0000, 1.0000, 1.0000, 1.0000, 1.0000, 1.0000, 1.0000, 1.0000, 1.0000, 1.0000, 1.0000, 1.0000, 1.0000, 1.0000, 1.0000, 1.0000, 1.0000, 1.0000, 1.0000, 1.0000, 1.0000, 1.0000, 1.0000, 1.0000, 1.0000, 1.0000, 1.0000, 1.0000, 1.0000, 1.0000, 1.0000, 1.0000, 1.0000, 1.0000, 1.0000, 1.0000, 1.0000, 1.0000, 1.0000, 1.0000, 1.0000, 1.0000, 1.0000, 1.0000, 1.0000, 1.0000, 1.0000, 1.0000, 1.0000, 1.0000, 1.0000, 1.0000, 1.0000, 1.0000, 1.0000, 1.0000, 1.0000, 1.0000, 1.0000, 1.0000, 1.0000, 1.0000, 0.9937, 0.9874, 0.9874, 0.9874, 0.9748, 0.9686, 0.9623, 0.9560, 0.9497, 0.9434, 0.9245, 0.9182, 0.9119, 0.9057, 0.8994, 0.8931, 0.8868, 0.8805, 0.8742, 0.8679, 0.8616, 0.8553, 0.8491, 0.8428, 0.8365, 0.8302, 0.8239, 0.8176, 0.8113, 0.8050, 0.7987, 0.7925, 0.7862, 0.7799, 0.7736, 0.7673, 0.7610, 0.7484, 0.7421, 0.7358, 0.7296, 0.7233, 0.7170, 0.7107, 0.7044, 0.6981, 0.6918, 0.6855, 0.6792, 0.6730, 0.6667, 0.6604, 0.6541, 0.6478, 0.6415, 0.6352, 0.6289, 0.6226, 0.6164, 0.6101, 0.6038, 0.5975, 0.5912, 0.5849, 0.5786, 0.5723, 0.5660, 0.5597, 0.5535, 0.5472, 0.5409, 0.5346, 0.5283, 0.5220, 0.5157, 0.5094, 0.5031, 0.4969, 0.4906, 0.4843, 0.4780, 0.4717, 0.4654, 0.4591, 0.4528, 0.4465, 0.4403, 0.4340, 0.4277, 0.4214, 0.4151, 0.4088, 0.4025, 0.3962, 0.3899, 0.3836, 0.3774, 0.3711, 0.3648, 0.3585, 0.3522, 0.3459, 0.3396, 0.3333, 0.3270, 0.3208, 0.3145, 0.3082, 0.3019, 0.2956, 0.2893, 0.2830, 0.2767, 0.2704, 0.2642, 0.2579, 0.2516, 0.2453, 0.2390, 0.2327, 0.2264, 0.2201, 0.2138, 0.2075, 0.2013, 0.1950, 0.1698, 0.1635, 0.1572, 0.1509, 0.1447, 0.1384, 0.1321, 0.1258, 0.1195, 0.1132, 0.1069, 0.1006, 0.0943, 0.0881, 0.0818, 0.0755, 0.0692, 0.0629, 0.0566, 0.0503, 0.0440, 0.0377, 0.0314, 0.0252, 0.0189, 0.0000

