AUC Values
==========

100.csv:
--------
European:
Precision: 0.2174, 0.2500, 0.2525, 0.2551, 0.2577, 0.2604, 0.2632, 0.2660, 0.2688, 0.2717, 0.2747, 0.2778, 0.2809, 0.2841, 0.2874, 0.2907, 0.2941, 0.2976, 0.3012, 0.3049, 0.3086, 0.3125, 0.3165, 0.3205, 0.3247, 0.3289, 0.3333, 0.3378, 0.3472, 0.3521, 0.3571, 0.3623, 0.3676, 0.3731, 0.3788, 0.3846, 0.3906, 0.3968, 0.3871, 0.3934, 0.4138, 0.4211, 0.4286, 0.4364, 0.4444, 0.4528, 0.4615, 0.4706, 0.4800, 0.4898, 0.5000, 0.5106, 0.5217, 0.5111, 0.5227, 0.5349, 0.5238, 0.5366, 0.5250, 0.5385, 0.5526, 0.5676, 0.5556, 0.5429, 0.5294, 0.5455, 0.5625, 0.5806, 0.6000, 0.6207, 0.6429, 0.6296, 0.6538, 0.6400, 0.6667, 0.6957, 0.6818, 0.7143, 0.7500, 0.7895, 1.0000
Recall: 1.0000, 1.0000, 1.0000, 1.0000, 1.0000, 1.0000, 1.0000, 1.0000, 1.0000, 1.0000, 1.0000, 1.0000, 1.0000, 1.0000, 1.0000, 1.0000, 1.0000, 1.0000, 1.0000, 1.0000, 1.0000, 1.0000, 1.0000, 1.0000, 1.0000, 1.0000, 1.0000, 1.0000, 1.0000, 1.0000, 1.0000, 1.0000, 1.0000, 1.0000, 1.0000, 1.0000, 1.0000, 1.0000, 0.9600, 0.9600, 0.9600, 0.9600, 0.9600, 0.9600, 0.9600, 0.9600, 0.9600, 0.9600, 0.9600, 0.9600, 0.9600, 0.9600, 0.9600, 0.9200, 0.9200, 0.9200, 0.8800, 0.8800, 0.8400, 0.8400, 0.8400, 0.8400, 0.8000, 0.7600, 0.7200, 0.7200, 0.7200, 0.7200, 0.7200, 0.7200, 0.7200, 0.6800, 0.6800, 0.6400, 0.6400, 0.6400, 0.6000, 0.6000, 0.6000, 0.6000, 0.0000

African:
Precision: 0.3478, 0.7843, 0.8000, 0.8163, 0.8333, 0.8298, 0.8478, 0.8667, 0.8864, 0.9070, 0.9286, 0.9512, 0.9500, 0.9744, 1.0000
Recall: 1.0000, 1.0000, 1.0000, 1.0000, 1.0000, 0.9750, 0.9750, 0.9750, 0.9750, 0.9750, 0.9750, 0.9750, 0.9500, 0.9500, 0.0000

Asian:
Precision: 0.4348, 0.5213, 0.5269, 0.5326, 0.5385, 0.5444, 0.5506, 0.5568, 0.5632, 0.5698, 0.5765, 0.5833, 0.5904, 0.5976, 0.6049, 0.6125, 0.6203, 0.6154, 0.6234, 0.6316, 0.6400, 0.6486, 0.6575, 0.6667, 0.6620, 0.6714, 0.6812, 0.6912, 0.7015, 0.6970, 0.7077, 0.7031, 0.7143, 0.7258, 0.7377, 0.7500, 0.7627, 0.7759, 0.7895, 0.7857, 0.7818, 0.7963, 0.8113, 0.8077, 0.8039, 0.8200, 0.8163, 0.8333, 0.8298, 0.8261, 0.8222, 0.8182, 0.8372, 0.8333, 0.8537, 0.8750, 0.8974, 0.8947, 1.0000
Recall: 1.0000, 0.9800, 0.9800, 0.9800, 0.9800, 0.9800, 0.9800, 0.9800, 0.9800, 0.9800, 0.9800, 0.9800, 0.9800, 0.9800, 0.9800, 0.9800, 0.9800, 0.9600, 0.9600, 0.9600, 0.9600, 0.9600, 0.9600, 0.9600, 0.9400, 0.9400, 0.9400, 0.9400, 0.9400, 0.9200, 0.9200, 0.9000, 0.9000, 0.9000, 0.9000, 0.9000, 0.9000, 0.9000, 0.9000, 0.8800, 0.8600, 0.8600, 0.8600, 0.8400, 0.8200, 0.8200, 0.8000, 0.8000, 0.7800, 0.7600, 0.7400, 0.7200, 0.7200, 0.7000, 0.7000, 0.7000, 0.7000, 0.6800, 0.0000


10K.csv:
--------
European:
Precision: 0.2174, 0.3165, 0.3205, 0.3247, 0.3289, 0.3333, 0.3378, 0.3425, 0.3472, 0.3521, 0.3571, 0.3623, 0.3676, 0.3731, 0.3788, 0.3846, 0.3906, 0.3968, 0.4032, 0.4098, 0.4167, 0.4237, 0.4310, 0.4386, 0.4464, 0.4545, 0.4630, 0.4717, 0.4808, 0.4902, 0.5000, 0.5102, 0.5208, 0.5319, 0.5435, 0.5556, 0.5682, 0.5814, 0.5952, 0.6098, 0.6250, 0.6410, 0.6579, 0.6757, 0.6944, 0.7143, 0.7353, 0.7576, 0.7812, 0.8065, 0.8333, 0.8621, 0.8929, 0.9259, 0.9615, 1.0000
Recall: 1.0000, 1.0000, 1.0000, 1.0000, 1.0000, 1.0000, 1.0000, 1.0000, 1.0000, 1.0000, 1.0000, 1.0000, 1.0000, 1.0000, 1.0000, 1.0000, 1.0000, 1.0000, 1.0000, 1.0000, 1.0000, 1.0000, 1.0000, 1.0000, 1.0000, 1.0000, 1.0000, 1.0000, 1.0000, 1.0000, 1.0000, 1.0000, 1.0000, 1.0000, 1.0000, 1.0000, 1.0000, 1.0000, 1.0000, 1.0000, 1.0000, 1.0000, 1.0000, 1.0000, 1.0000, 1.0000, 1.0000, 1.0000, 1.0000, 1.0000, 1.0000, 1.0000, 1.0000, 1.0000, 1.0000, 0.0000

African:
Precision: 0.3478, 1.0000, 1.0000, 1.0000
Recall: 1.0000, 1.0000, 0.9750, 0.0000

Asian:
Precision: 0.4348, 0.6410, 0.6494, 0.6579, 0.6667, 0.6757, 0.6849, 0.6944, 0.7042, 0.7143, 0.7246, 0.7353, 0.7463, 0.7576, 0.7692, 0.7812, 0.7937, 0.8065, 0.8197, 0.8333, 0.8475, 0.8621, 0.8772, 0.8929, 0.9259, 0.9434, 0.9615, 0.9804, 1.0000, 1.0000, 1.0000
Recall: 1.0000, 1.0000, 1.0000, 1.0000, 1.0000, 1.0000, 1.0000, 1.0000, 1.0000, 1.0000, 1.0000, 1.0000, 1.0000, 1.0000, 1.0000, 1.0000, 1.0000, 1.0000, 1.0000, 1.0000, 1.0000, 1.0000, 1.0000, 1.0000, 1.0000, 1.0000, 1.0000, 1.0000, 1.0000, 0.9800, 0.0000


1K.csv:
-------
European:
Precision: 0.2174, 0.3049, 0.3086, 0.3125, 0.3165, 0.3205, 0.3247, 0.3289, 0.3333, 0.3378, 0.3425, 0.3472, 0.3521, 0.3571, 0.3623, 0.3676, 0.3731, 0.3788, 0.3846, 0.3906, 0.3968, 0.4032, 0.4098, 0.4167, 0.4237, 0.4310, 0.4386, 0.4464, 0.4545, 0.4630, 0.4717, 0.4808, 0.4902, 0.5000, 0.5102, 0.5208, 0.5319, 0.5435, 0.5556, 0.5682, 0.5814, 0.5952, 0.6098, 0.6250, 0.6410, 0.6579, 0.6757, 0.6944, 0.7143, 0.7353, 0.7576, 0.7812, 0.8065, 0.8333, 0.8621, 1.0000
Recall: 1.0000, 1.0000, 1.0000, 1.0000, 1.0000, 1.0000, 1.0000, 1.0000, 1.0000, 1.0000, 1.0000, 1.0000, 1.0000, 1.0000, 1.0000, 1.0000, 1.0000, 1.0000, 1.0000, 1.0000, 1.0000, 1.0000, 1.0000, 1.0000, 1.0000, 1.0000, 1.0000, 1.0000, 1.0000, 1.0000, 1.0000, 1.0000, 1.0000, 1.0000, 1.0000, 1.0000, 1.0000, 1.0000, 1.0000, 1.0000, 1.0000, 1.0000, 1.0000, 1.0000, 1.0000, 1.0000, 1.0000, 1.0000, 1.0000, 1.0000, 1.0000, 1.0000, 1.0000, 1.0000, 1.0000, 0.0000

African:
Precision: 0.3478, 0.7959, 0.8125, 0.8298, 0.8478, 0.8667, 0.8864, 0.9070, 0.9286, 0.9512, 0.9500, 0.9744, 1.0000, 1.0000
Recall: 1.0000, 0.9750, 0.9750, 0.9750, 0.9750, 0.9750, 0.9750, 0.9750, 0.9750, 0.9750, 0.9500, 0.9500, 0.9500, 0.0000

Asian:
Precision: 0.4348, 0.6173, 0.6250, 0.6329, 0.6410, 0.6494, 0.6579, 0.6667, 0.6757, 0.6849, 0.6944, 0.7042, 0.7143, 0.7246, 0.7353, 0.7463, 0.7576, 0.7692, 0.7812, 0.7937, 0.8065, 0.8197, 0.8333, 0.8475, 0.8621, 0.8772, 0.8929, 0.8909, 0.9074, 0.9245, 0.9423, 0.9608, 0.9800, 0.9796, 1.0000, 1.0000, 1.0000, 1.0000, 1.0000, 1.0000
Recall: 1.0000, 1.0000, 1.0000, 1.0000, 1.0000, 1.0000, 1.0000, 1.0000, 1.0000, 1.0000, 1.0000, 1.0000, 1.0000, 1.0000, 1.0000, 1.0000, 1.0000, 1.0000, 1.0000, 1.0000, 1.0000, 1.0000, 1.0000, 1.0000, 1.0000, 1.0000, 1.0000, 0.9800, 0.9800, 0.9800, 0.9800, 0.9800, 0.9800, 0.9600, 0.9600, 0.9400, 0.9200, 0.9000, 0.8800, 0.0000


300K.csv:
---------
European:
Precision: 0.2174, 0.3333, 0.3378, 0.3425, 0.3472, 0.3521, 0.3571, 0.3623, 0.3676, 0.3731, 0.3788, 0.3846, 0.3906, 0.3968, 0.4032, 0.4098, 0.4167, 0.4237, 0.4310, 0.4386, 0.4464, 0.4545, 0.4630, 0.4717, 0.4808, 0.4902, 0.5000, 0.5102, 0.5208, 0.5319, 0.5435, 0.5682, 0.5814, 0.5952, 0.6098, 0.6250, 0.6410, 0.6579, 0.6757, 0.6944, 0.7143, 0.7353, 0.7576, 0.7812, 0.8065, 0.8333, 0.8621, 0.8929, 0.9259, 0.9615, 1.0000, 1.0000
Recall: 1.0000, 1.0000, 1.0000, 1.0000, 1.0000, 1.0000, 1.0000, 1.0000, 1.0000, 1.0000, 1.0000, 1.0000, 1.0000, 1.0000, 1.0000, 1.0000, 1.0000, 1.0000, 1.0000, 1.0000, 1.0000, 1.0000, 1.0000, 1.0000, 1.0000, 1.0000, 1.0000, 1.0000, 1.0000, 1.0000, 1.0000, 1.0000, 1.0000, 1.0000, 1.0000, 1.0000, 1.0000, 1.0000, 1.0000, 1.0000, 1.0000, 1.0000, 1.0000, 1.0000, 1.0000, 1.0000, 1.0000, 1.0000, 1.0000, 1.0000, 1.0000, 0.0000

African:
Precision: 0.3478, 1.0000, 1.0000
Recall: 1.0000, 1.0000, 0.0000

Asian:
Precision: 0.4348, 0.6667, 0.6757, 0.6849, 0.6944, 0.7042, 0.7143, 0.7246, 0.7353, 0.7463, 0.7576, 0.7692, 0.7812, 0.7937, 0.8065, 0.8197, 0.8333, 0.8475, 0.8621, 0.8772, 0.8929, 0.9091, 0.9259, 0.9434, 0.9615, 1.0000, 1.0000
Recall: 1.0000, 1.0000, 1.0000, 1.0000, 1.0000, 1.0000, 1.0000, 1.0000, 1.0000, 1.0000, 1.0000, 1.0000, 1.0000, 1.0000, 1.0000, 1.0000, 1.0000, 1.0000, 1.0000, 1.0000, 1.0000, 1.0000, 1.0000, 1.0000, 1.0000, 1.0000, 0.0000


50K.csv:
--------
European:
Precision: 0.2174, 0.3165, 0.3205, 0.3247, 0.3289, 0.3333, 0.3378, 0.3425, 0.3472, 0.3571, 0.3623, 0.3676, 0.3731, 0.3788, 0.3846, 0.3906, 0.3968, 0.4032, 0.4098, 0.4167, 0.4237, 0.4310, 0.4386, 0.4464, 0.4630, 0.4717, 0.4808, 0.5000, 0.5102, 0.5208, 0.5319, 0.5435, 0.5556, 0.5682, 0.5814, 0.5952, 0.6098, 0.6250, 0.6410, 0.6579, 0.6757, 0.6944, 0.7143, 0.7353, 0.7576, 0.7812, 0.8065, 0.8333, 0.8621, 0.8929, 0.9259, 0.9615, 1.0000
Recall: 1.0000, 1.0000, 1.0000, 1.0000, 1.0000, 1.0000, 1.0000, 1.0000, 1.0000, 1.0000, 1.0000, 1.0000, 1.0000, 1.0000, 1.0000, 1.0000, 1.0000, 1.0000, 1.0000, 1.0000, 1.0000, 1.0000, 1.0000, 1.0000, 1.0000, 1.0000, 1.0000, 1.0000, 1.0000, 1.0000, 1.0000, 1.0000, 1.0000, 1.0000, 1.0000, 1.0000, 1.0000, 1.0000, 1.0000, 1.0000, 1.0000, 1.0000, 1.0000, 1.0000, 1.0000, 1.0000, 1.0000, 1.0000, 1.0000, 1.0000, 1.0000, 1.0000, 0.0000

African:
Precision: 0.3478, 1.0000, 1.0000, 1.0000
Recall: 1.0000, 1.0000, 0.9750, 0.0000

Asian:
Precision: 0.4348, 0.6494, 0.6579, 0.6667, 0.6757, 0.6849, 0.6944, 0.7042, 0.7143, 0.7246, 0.7353, 0.7463, 0.7576, 0.7692, 0.7812, 0.7937, 0.8065, 0.8197, 0.8333, 0.8475, 0.8621, 0.8772, 0.8929, 0.9091, 0.9259, 0.9434, 0.9615, 0.9804, 1.0000, 1.0000
Recall: 1.0000, 1.0000, 1.0000, 1.0000, 1.0000, 1.0000, 1.0000, 1.0000, 1.0000, 1.0000, 1.0000, 1.0000, 1.0000, 1.0000, 1.0000, 1.0000, 1.0000, 1.0000, 1.0000, 1.0000, 1.0000, 1.0000, 1.0000, 1.0000, 1.0000, 1.0000, 1.0000, 1.0000, 1.0000, 0.0000

