AUC Values
==========

100.csv:
--------
European:
Precision: 0.2299, 0.2326, 0.2332, 0.2339, 0.2346, 0.2353, 0.2360, 0.2367, 0.2374, 0.2381, 0.2388, 0.2395, 0.2402, 0.2410, 0.2417, 0.2424, 0.2432, 0.2439, 0.2446, 0.2454, 0.2462, 0.2469, 0.2477, 0.2484, 0.2492, 0.2500, 0.2508, 0.2516, 0.2524, 0.2532, 0.2540, 0.2548, 0.2556, 0.2564, 0.2572, 0.2581, 0.2589, 0.2597, 0.2606, 0.2614, 0.2623, 0.2632, 0.2640, 0.2649, 0.2658, 0.2667, 0.2676, 0.2685, 0.2694, 0.2703, 0.2712, 0.2721, 0.2730, 0.2740, 0.2749, 0.2759, 0.2768, 0.2778, 0.2787, 0.2797, 0.2807, 0.2817, 0.2827, 0.2837, 0.2847, 0.2857, 0.2867, 0.2878, 0.2888, 0.2899, 0.2909, 0.2920, 0.2930, 0.2941, 0.2952, 0.2963, 0.2974, 0.2985, 0.2996, 0.3008, 0.3019, 0.3030, 0.3042, 0.3065, 0.3077, 0.3089, 0.3101, 0.3113, 0.3125, 0.3137, 0.3150, 0.3162, 0.3175, 0.3187, 0.3200, 0.3213, 0.3226, 0.3239, 0.3252, 0.3265, 0.3279, 0.3292, 0.3306, 0.3320, 0.3333, 0.3347, 0.3361, 0.3376, 0.3390, 0.3404, 0.3419, 0.3433, 0.3448, 0.3463, 0.3478, 0.3493, 0.3509, 0.3524, 0.3540, 0.3556, 0.3571, 0.3587, 0.3604, 0.3620, 0.3636, 0.3653, 0.3670, 0.3687, 0.3704, 0.3721, 0.3738, 0.3756, 0.3774, 0.3791, 0.3810, 0.3828, 0.3846, 0.3865, 0.3883, 0.3902, 0.3922, 0.3941, 0.3960, 0.3980, 0.4000, 0.4020, 0.4040, 0.4061, 0.4082, 0.4051, 0.4072, 0.4093, 0.4115, 0.4136, 0.4158, 0.4180, 0.4202, 0.4225, 0.4194, 0.4162, 0.4185, 0.4208, 0.4231, 0.4254, 0.4278, 0.4302, 0.4326, 0.4350, 0.4375, 0.4400, 0.4425, 0.4451, 0.4477, 0.4503, 0.4529, 0.4497, 0.4524, 0.4551, 0.4578, 0.4606, 0.4634, 0.4663, 0.4691, 0.4720, 0.4688, 0.4717, 0.4684, 0.4713, 0.4744, 0.4774, 0.4805, 0.4837, 0.4868, 0.4901, 0.4933, 0.4966, 0.5000, 0.5034, 0.5068, 0.5103, 0.5139, 0.5175, 0.5211, 0.5248, 0.5286, 0.5324, 0.5362, 0.5606, 0.5649, 0.5692, 0.5659, 0.5703, 0.5748, 0.5794, 0.5840, 0.5887, 0.5854, 0.5902, 0.5950, 0.6000, 0.5966, 0.6017, 0.6068, 0.6121, 0.6174, 0.6140, 0.6195, 0.6250, 0.6306, 0.6364, 0.6422, 0.6389, 0.6355, 0.6415, 0.6476, 0.6538, 0.6602, 0.6667, 0.6733, 0.6800, 0.6869, 0.6939, 0.7010, 0.7083, 0.7053, 0.7128, 0.7204, 0.7283, 0.7253, 0.7333, 0.7416, 0.7500, 0.7471, 0.7558, 0.7647, 0.7738, 0.7711, 0.7683, 0.7654, 0.7625, 0.7595, 0.7564, 0.7532, 0.7500, 0.7600, 0.7568, 0.7671, 0.7639, 0.7606, 0.7571, 0.7536, 0.7647, 0.7612, 0.7576, 0.7538, 0.7656, 0.7619, 0.7742, 0.7869, 0.8000, 0.7966, 0.7931, 0.7895, 0.7778, 0.7736, 0.7692, 0.7843, 0.7800, 0.7755, 0.7708, 0.7872, 0.7826, 0.7778, 0.7955, 0.7907, 0.7857, 0.8049, 0.8250, 0.8205, 0.8421, 0.8378, 0.8333, 0.8286, 0.8235, 0.8182, 0.8125, 0.8387, 0.8333, 0.8276, 0.8214, 0.8148, 0.8077, 0.8000, 0.8333, 0.8261, 0.8182, 0.8095, 0.8000, 0.7895, 0.8333, 0.8235, 0.8125, 0.8667, 0.8571, 0.9231, 0.9167, 0.9091, 0.9000, 1.0000, 1.0000, 1.0000, 1.0000, 1.0000, 1.0000, 1.0000, 1.0000
Recall: 1.0000, 1.0000, 1.0000, 1.0000, 1.0000, 1.0000, 1.0000, 1.0000, 1.0000, 1.0000, 1.0000, 1.0000, 1.0000, 1.0000, 1.0000, 1.0000, 1.0000, 1.0000, 1.0000, 1.0000, 1.0000, 1.0000, 1.0000, 1.0000, 1.0000, 1.0000, 1.0000, 1.0000, 1.0000, 1.0000, 1.0000, 1.0000, 1.0000, 1.0000, 1.0000, 1.0000, 1.0000, 1.0000, 1.0000, 1.0000, 1.0000, 1.0000, 1.0000, 1.0000, 1.0000, 1.0000, 1.0000, 1.0000, 1.0000, 1.0000, 1.0000, 1.0000, 1.0000, 1.0000, 1.0000, 1.0000, 1.0000, 1.0000, 1.0000, 1.0000, 1.0000, 1.0000, 1.0000, 1.0000, 1.0000, 1.0000, 1.0000, 1.0000, 1.0000, 1.0000, 1.0000, 1.0000, 1.0000, 1.0000, 1.0000, 1.0000, 1.0000, 1.0000, 1.0000, 1.0000, 1.0000, 1.0000, 1.0000, 1.0000, 1.0000, 1.0000, 1.0000, 1.0000, 1.0000, 1.0000, 1.0000, 1.0000, 1.0000, 1.0000, 1.0000, 1.0000, 1.0000, 1.0000, 1.0000, 1.0000, 1.0000, 1.0000, 1.0000, 1.0000, 1.0000, 1.0000, 1.0000, 1.0000, 1.0000, 1.0000, 1.0000, 1.0000, 1.0000, 1.0000, 1.0000, 1.0000, 1.0000, 1.0000, 1.0000, 1.0000, 1.0000, 1.0000, 1.0000, 1.0000, 1.0000, 1.0000, 1.0000, 1.0000, 1.0000, 1.0000, 1.0000, 1.0000, 1.0000, 1.0000, 1.0000, 1.0000, 1.0000, 1.0000, 1.0000, 1.0000, 1.0000, 1.0000, 1.0000, 1.0000, 1.0000, 1.0000, 1.0000, 1.0000, 1.0000, 0.9875, 0.9875, 0.9875, 0.9875, 0.9875, 0.9875, 0.9875, 0.9875, 0.9875, 0.9750, 0.9625, 0.9625, 0.9625, 0.9625, 0.9625, 0.9625, 0.9625, 0.9625, 0.9625, 0.9625, 0.9625, 0.9625, 0.9625, 0.9625, 0.9625, 0.9625, 0.9500, 0.9500, 0.9500, 0.9500, 0.9500, 0.9500, 0.9500, 0.9500, 0.9500, 0.9375, 0.9375, 0.9250, 0.9250, 0.9250, 0.9250, 0.9250, 0.9250, 0.9250, 0.9250, 0.9250, 0.9250, 0.9250, 0.9250, 0.9250, 0.9250, 0.9250, 0.9250, 0.9250, 0.9250, 0.9250, 0.9250, 0.9250, 0.9250, 0.9250, 0.9250, 0.9125, 0.9125, 0.9125, 0.9125, 0.9125, 0.9125, 0.9000, 0.9000, 0.9000, 0.9000, 0.8875, 0.8875, 0.8875, 0.8875, 0.8875, 0.8750, 0.8750, 0.8750, 0.8750, 0.8750, 0.8750, 0.8625, 0.8500, 0.8500, 0.8500, 0.8500, 0.8500, 0.8500, 0.8500, 0.8500, 0.8500, 0.8500, 0.8500, 0.8500, 0.8375, 0.8375, 0.8375, 0.8375, 0.8250, 0.8250, 0.8250, 0.8250, 0.8125, 0.8125, 0.8125, 0.8125, 0.8000, 0.7875, 0.7750, 0.7625, 0.7500, 0.7375, 0.7250, 0.7125, 0.7125, 0.7000, 0.7000, 0.6875, 0.6750, 0.6625, 0.6500, 0.6500, 0.6375, 0.6250, 0.6125, 0.6125, 0.6000, 0.6000, 0.6000, 0.6000, 0.5875, 0.5750, 0.5625, 0.5250, 0.5125, 0.5000, 0.5000, 0.4875, 0.4750, 0.4625, 0.4625, 0.4500, 0.4375, 0.4375, 0.4250, 0.4125, 0.4125, 0.4125, 0.4000, 0.4000, 0.3875, 0.3750, 0.3625, 0.3500, 0.3375, 0.3250, 0.3250, 0.3125, 0.3000, 0.2875, 0.2750, 0.2625, 0.2500, 0.2500, 0.2375, 0.2250, 0.2125, 0.2000, 0.1875, 0.1875, 0.1750, 0.1625, 0.1625, 0.1500, 0.1500, 0.1375, 0.1250, 0.1125, 0.1125, 0.1000, 0.0875, 0.0750, 0.0625, 0.0500, 0.0125, 0.0000

African:
Precision: 0.3506, 0.3536, 0.3547, 0.3557, 0.3567, 0.3548, 0.3559, 0.3569, 0.3580, 0.3591, 0.3601, 0.3612, 0.3623, 0.3634, 0.3645, 0.3656, 0.3667, 0.3678, 0.3689, 0.3700, 0.3712, 0.3723, 0.3735, 0.3758, 0.3769, 0.3781, 0.3793, 0.3805, 0.3817, 0.3829, 0.3841, 0.3854, 0.3866, 0.3878, 0.3891, 0.3903, 0.3916, 0.3929, 0.3941, 0.3954, 0.3967, 0.3980, 0.3993, 0.4007, 0.4020, 0.4033, 0.4047, 0.4060, 0.4074, 0.4088, 0.4102, 0.4116, 0.4130, 0.4144, 0.4158, 0.4172, 0.4187, 0.4201, 0.4216, 0.4231, 0.4246, 0.4261, 0.4276, 0.4291, 0.4306, 0.4321, 0.4337, 0.4353, 0.4368, 0.4384, 0.4400, 0.4416, 0.4432, 0.4449, 0.4465, 0.4481, 0.4498, 0.4515, 0.4532, 0.4549, 0.4566, 0.4583, 0.4601, 0.4618, 0.4636, 0.4654, 0.4672, 0.4690, 0.4708, 0.4727, 0.4745, 0.4764, 0.4783, 0.4802, 0.4821, 0.4840, 0.4859, 0.4879, 0.4899, 0.4919, 0.4939, 0.4959, 0.4979, 0.5000, 0.5021, 0.5042, 0.5063, 0.5084, 0.5105, 0.5085, 0.5106, 0.5128, 0.5150, 0.5172, 0.5195, 0.5217, 0.5240, 0.5263, 0.5286, 0.5310, 0.5333, 0.5357, 0.5381, 0.5405, 0.5430, 0.5455, 0.5479, 0.5505, 0.5530, 0.5556, 0.5581, 0.5607, 0.5634, 0.5660, 0.5687, 0.5714, 0.5742, 0.5769, 0.5797, 0.5825, 0.5854, 0.5882, 0.5911, 0.5941, 0.5970, 0.6000, 0.6030, 0.6061, 0.6091, 0.6122, 0.6154, 0.6186, 0.6218, 0.6250, 0.6283, 0.6316, 0.6349, 0.6383, 0.6417, 0.6452, 0.6486, 0.6522, 0.6557, 0.6593, 0.6630, 0.6667, 0.6780, 0.6818, 0.6857, 0.6897, 0.6936, 0.6977, 0.7018, 0.7059, 0.7101, 0.7362, 0.7407, 0.7453, 0.7500, 0.7547, 0.7595, 0.7643, 0.7692, 0.7677, 0.7727, 0.7778, 0.7829, 0.7881, 0.7933, 0.7987, 0.8041, 0.8095, 0.8151, 0.8207, 0.8194, 0.8252, 0.8310, 0.8369, 0.8429, 0.8489, 0.8551, 0.8613, 0.8676, 0.8741, 0.8806, 0.8797, 0.8864, 0.8931, 0.8923, 0.8992, 0.9062, 0.9134, 0.9206, 0.9280, 0.9355, 0.9431, 0.9508, 0.9587, 0.9667, 0.9748, 0.9831, 0.9915, 0.9914, 0.9913, 0.9912, 0.9912, 0.9911, 0.9910, 0.9909, 0.9908, 0.9907, 0.9907, 0.9906, 0.9905, 0.9904, 0.9903, 0.9902, 0.9901, 0.9900, 0.9899, 0.9898, 0.9897, 0.9896, 0.9895, 0.9894, 0.9892, 0.9891, 0.9890, 0.9889, 0.9888, 0.9886, 0.9885, 0.9884, 0.9882, 0.9881, 0.9880, 0.9878, 0.9877, 0.9875, 0.9873, 0.9872, 0.9870, 0.9868, 0.9867, 0.9865, 0.9863, 0.9861, 0.9859, 0.9857, 0.9855, 0.9853, 0.9851, 0.9848, 0.9846, 0.9844, 0.9841, 0.9839, 0.9836, 0.9833, 0.9831, 0.9828, 0.9825, 0.9821, 0.9818, 0.9815, 0.9811, 0.9808, 0.9804, 0.9800, 0.9796, 0.9792, 0.9787, 0.9783, 0.9778, 0.9773, 0.9767, 0.9762, 0.9756, 0.9750, 0.9744, 1.0000, 1.0000, 1.0000, 1.0000, 1.0000, 1.0000, 1.0000, 1.0000, 1.0000, 1.0000, 1.0000, 1.0000, 1.0000, 1.0000, 1.0000, 1.0000, 1.0000, 1.0000, 1.0000, 1.0000, 1.0000, 1.0000, 1.0000, 1.0000, 1.0000, 1.0000, 1.0000, 1.0000, 1.0000, 1.0000, 1.0000, 1.0000, 1.0000, 1.0000, 1.0000, 1.0000
Recall: 1.0000, 1.0000, 1.0000, 1.0000, 1.0000, 0.9918, 0.9918, 0.9918, 0.9918, 0.9918, 0.9918, 0.9918, 0.9918, 0.9918, 0.9918, 0.9918, 0.9918, 0.9918, 0.9918, 0.9918, 0.9918, 0.9918, 0.9918, 0.9918, 0.9918, 0.9918, 0.9918, 0.9918, 0.9918, 0.9918, 0.9918, 0.9918, 0.9918, 0.9918, 0.9918, 0.9918, 0.9918, 0.9918, 0.9918, 0.9918, 0.9918, 0.9918, 0.9918, 0.9918, 0.9918, 0.9918, 0.9918, 0.9918, 0.9918, 0.9918, 0.9918, 0.9918, 0.9918, 0.9918, 0.9918, 0.9918, 0.9918, 0.9918, 0.9918, 0.9918, 0.9918, 0.9918, 0.9918, 0.9918, 0.9918, 0.9918, 0.9918, 0.9918, 0.9918, 0.9918, 0.9918, 0.9918, 0.9918, 0.9918, 0.9918, 0.9918, 0.9918, 0.9918, 0.9918, 0.9918, 0.9918, 0.9918, 0.9918, 0.9918, 0.9918, 0.9918, 0.9918, 0.9918, 0.9918, 0.9918, 0.9918, 0.9918, 0.9918, 0.9918, 0.9918, 0.9918, 0.9918, 0.9918, 0.9918, 0.9918, 0.9918, 0.9918, 0.9918, 0.9918, 0.9918, 0.9918, 0.9918, 0.9918, 0.9918, 0.9836, 0.9836, 0.9836, 0.9836, 0.9836, 0.9836, 0.9836, 0.9836, 0.9836, 0.9836, 0.9836, 0.9836, 0.9836, 0.9836, 0.9836, 0.9836, 0.9836, 0.9836, 0.9836, 0.9836, 0.9836, 0.9836, 0.9836, 0.9836, 0.9836, 0.9836, 0.9836, 0.9836, 0.9836, 0.9836, 0.9836, 0.9836, 0.9836, 0.9836, 0.9836, 0.9836, 0.9836, 0.9836, 0.9836, 0.9836, 0.9836, 0.9836, 0.9836, 0.9836, 0.9836, 0.9836, 0.9836, 0.9836, 0.9836, 0.9836, 0.9836, 0.9836, 0.9836, 0.9836, 0.9836, 0.9836, 0.9836, 0.9836, 0.9836, 0.9836, 0.9836, 0.9836, 0.9836, 0.9836, 0.9836, 0.9836, 0.9836, 0.9836, 0.9836, 0.9836, 0.9836, 0.9836, 0.9836, 0.9836, 0.9754, 0.9754, 0.9754, 0.9754, 0.9754, 0.9754, 0.9754, 0.9754, 0.9754, 0.9754, 0.9754, 0.9672, 0.9672, 0.9672, 0.9672, 0.9672, 0.9672, 0.9672, 0.9672, 0.9672, 0.9672, 0.9672, 0.9590, 0.9590, 0.9590, 0.9508, 0.9508, 0.9508, 0.9508, 0.9508, 0.9508, 0.9508, 0.9508, 0.9508, 0.9508, 0.9508, 0.9508, 0.9508, 0.9508, 0.9426, 0.9344, 0.9262, 0.9180, 0.9098, 0.9016, 0.8934, 0.8852, 0.8770, 0.8689, 0.8607, 0.8525, 0.8443, 0.8361, 0.8279, 0.8197, 0.8115, 0.8033, 0.7951, 0.7869, 0.7787, 0.7705, 0.7623, 0.7541, 0.7459, 0.7377, 0.7295, 0.7213, 0.7131, 0.7049, 0.6967, 0.6885, 0.6803, 0.6721, 0.6639, 0.6557, 0.6475, 0.6393, 0.6311, 0.6230, 0.6148, 0.6066, 0.5984, 0.5902, 0.5820, 0.5738, 0.5656, 0.5574, 0.5492, 0.5410, 0.5328, 0.5246, 0.5164, 0.5082, 0.5000, 0.4918, 0.4836, 0.4754, 0.4672, 0.4590, 0.4508, 0.4426, 0.4344, 0.4262, 0.4180, 0.4098, 0.4016, 0.3934, 0.3852, 0.3770, 0.3689, 0.3607, 0.3525, 0.3443, 0.3361, 0.3279, 0.3197, 0.3115, 0.3115, 0.3033, 0.2951, 0.2869, 0.2787, 0.2705, 0.2623, 0.2541, 0.2459, 0.2377, 0.2295, 0.2213, 0.2131, 0.2049, 0.1967, 0.1639, 0.1557, 0.1475, 0.1393, 0.1311, 0.1230, 0.1148, 0.1066, 0.0984, 0.0902, 0.0820, 0.0738, 0.0656, 0.0574, 0.0492, 0.0410, 0.0328, 0.0246, 0.0164, 0.0082, 0.0000

Asian:
Precision: 0.4195, 0.4207, 0.4220, 0.4232, 0.4244, 0.4257, 0.4269, 0.4282, 0.4294, 0.4307, 0.4320, 0.4332, 0.4345, 0.4358, 0.4371, 0.4384, 0.4398, 0.4411, 0.4424, 0.4438, 0.4451, 0.4506, 0.4520, 0.4534, 0.4548, 0.4562, 0.4577, 0.4591, 0.4606, 0.4620, 0.4635, 0.4650, 0.4665, 0.4679, 0.4695, 0.4710, 0.4693, 0.4708, 0.4723, 0.4739, 0.4754, 0.4770, 0.4785, 0.4801, 0.4817, 0.4833, 0.4849, 0.4866, 0.4882, 0.4899, 0.4949, 0.4966, 0.4983, 0.5000, 0.5017, 0.5035, 0.5052, 0.5070, 0.5088, 0.5106, 0.5124, 0.5142, 0.5160, 0.5179, 0.5197, 0.5216, 0.5235, 0.5254, 0.5273, 0.5292, 0.5311, 0.5331, 0.5351, 0.5370, 0.5390, 0.5410, 0.5393, 0.5414, 0.5434, 0.5455, 0.5475, 0.5496, 0.5517, 0.5538, 0.5560, 0.5543, 0.5564, 0.5586, 0.5608, 0.5630, 0.5652, 0.5675, 0.5697, 0.5720, 0.5743, 0.5766, 0.5789, 0.5772, 0.5796, 0.5820, 0.5844, 0.5868, 0.5892, 0.5917, 0.5941, 0.5966, 0.5992, 0.6017, 0.6000, 0.6026, 0.6052, 0.6078, 0.6104, 0.6130, 0.6157, 0.6184, 0.6211, 0.6239, 0.6267, 0.6295, 0.6323, 0.6351, 0.6380, 0.6409, 0.6438, 0.6468, 0.6452, 0.6481, 0.6512, 0.6542, 0.6573, 0.6604, 0.6635, 0.6667, 0.6699, 0.6683, 0.6715, 0.6699, 0.6683, 0.6716, 0.6749, 0.6782, 0.6766, 0.6800, 0.6834, 0.6869, 0.6853, 0.6888, 0.6923, 0.6959, 0.6943, 0.6979, 0.7016, 0.7053, 0.7166, 0.7204, 0.7243, 0.7283, 0.7322, 0.7308, 0.7293, 0.7333, 0.7374, 0.7416, 0.7458, 0.7500, 0.7543, 0.7586, 0.7572, 0.7616, 0.7661, 0.7706, 0.7751, 0.7738, 0.7784, 0.7831, 0.7879, 0.7927, 0.7975, 0.8025, 0.8075, 0.8125, 0.8176, 0.8165, 0.8217, 0.8269, 0.8323, 0.8377, 0.8431, 0.8487, 0.8543, 0.8600, 0.8658, 0.8716, 0.8776, 0.8767, 0.8759, 0.8819, 0.8811, 0.8803, 0.8865, 0.8857, 0.8849, 0.8841, 0.8905, 0.8897, 0.8889, 0.8881, 0.8947, 0.8939, 0.8931, 0.8923, 0.8992, 0.9062, 0.9055, 0.9048, 0.9040, 0.9032, 0.9024, 0.9098, 0.9091, 0.9083, 0.9076, 0.9068, 0.9060, 0.9138, 0.9130, 0.9211, 0.9204, 0.9196, 0.9189, 0.9182, 0.9174, 0.9259, 0.9252, 0.9245, 0.9200, 0.9192, 0.9184, 0.9175, 0.9167, 0.9158, 0.9149, 0.9140, 0.9130, 0.9121, 0.9111, 0.9101, 0.9091, 0.9080, 0.9070, 0.9059, 0.9048, 0.9036, 0.9146, 0.9136, 0.9250, 0.9241, 0.9231, 0.9351, 0.9342, 0.9333, 0.9324, 0.9315, 0.9306, 0.9296, 0.9286, 0.9275, 0.9265, 0.9254, 0.9242, 0.9385, 0.9375, 0.9365, 0.9355, 0.9344, 0.9500, 0.9661, 0.9655, 0.9649, 0.9643, 0.9636, 0.9630, 0.9623, 0.9615, 0.9608, 0.9800, 0.9796, 0.9792, 0.9787, 1.0000, 1.0000, 1.0000, 1.0000, 1.0000, 1.0000, 1.0000, 1.0000, 1.0000, 1.0000, 1.0000, 1.0000, 1.0000, 1.0000, 1.0000, 1.0000, 1.0000, 1.0000, 1.0000, 1.0000, 1.0000, 1.0000, 1.0000, 1.0000, 1.0000, 1.0000, 1.0000, 1.0000, 1.0000, 1.0000, 1.0000, 1.0000, 1.0000, 1.0000, 1.0000, 1.0000, 1.0000, 1.0000, 1.0000, 1.0000, 1.0000, 1.0000, 1.0000, 1.0000, 1.0000, 1.0000
Recall: 1.0000, 1.0000, 1.0000, 1.0000, 1.0000, 1.0000, 1.0000, 1.0000, 1.0000, 1.0000, 1.0000, 1.0000, 1.0000, 1.0000, 1.0000, 1.0000, 1.0000, 1.0000, 1.0000, 1.0000, 1.0000, 1.0000, 1.0000, 1.0000, 1.0000, 1.0000, 1.0000, 1.0000, 1.0000, 1.0000, 1.0000, 1.0000, 1.0000, 1.0000, 1.0000, 1.0000, 0.9932, 0.9932, 0.9932, 0.9932, 0.9932, 0.9932, 0.9932, 0.9932, 0.9932, 0.9932, 0.9932, 0.9932, 0.9932, 0.9932, 0.9932, 0.9932, 0.9932, 0.9932, 0.9932, 0.9932, 0.9932, 0.9932, 0.9932, 0.9932, 0.9932, 0.9932, 0.9932, 0.9932, 0.9932, 0.9932, 0.9932, 0.9932, 0.9932, 0.9932, 0.9932, 0.9932, 0.9932, 0.9932, 0.9932, 0.9932, 0.9863, 0.9863, 0.9863, 0.9863, 0.9863, 0.9863, 0.9863, 0.9863, 0.9863, 0.9795, 0.9795, 0.9795, 0.9795, 0.9795, 0.9795, 0.9795, 0.9795, 0.9795, 0.9795, 0.9795, 0.9795, 0.9726, 0.9726, 0.9726, 0.9726, 0.9726, 0.9726, 0.9726, 0.9726, 0.9726, 0.9726, 0.9726, 0.9658, 0.9658, 0.9658, 0.9658, 0.9658, 0.9658, 0.9658, 0.9658, 0.9658, 0.9658, 0.9658, 0.9658, 0.9658, 0.9658, 0.9658, 0.9658, 0.9658, 0.9658, 0.9589, 0.9589, 0.9589, 0.9589, 0.9589, 0.9589, 0.9589, 0.9589, 0.9589, 0.9521, 0.9521, 0.9452, 0.9384, 0.9384, 0.9384, 0.9384, 0.9315, 0.9315, 0.9315, 0.9315, 0.9247, 0.9247, 0.9247, 0.9247, 0.9178, 0.9178, 0.9178, 0.9178, 0.9178, 0.9178, 0.9178, 0.9178, 0.9178, 0.9110, 0.9041, 0.9041, 0.9041, 0.9041, 0.9041, 0.9041, 0.9041, 0.9041, 0.8973, 0.8973, 0.8973, 0.8973, 0.8973, 0.8904, 0.8904, 0.8904, 0.8904, 0.8904, 0.8904, 0.8904, 0.8904, 0.8904, 0.8904, 0.8836, 0.8836, 0.8836, 0.8836, 0.8836, 0.8836, 0.8836, 0.8836, 0.8836, 0.8836, 0.8836, 0.8836, 0.8767, 0.8699, 0.8699, 0.8630, 0.8562, 0.8562, 0.8493, 0.8425, 0.8356, 0.8356, 0.8288, 0.8219, 0.8151, 0.8151, 0.8082, 0.8014, 0.7945, 0.7945, 0.7945, 0.7877, 0.7808, 0.7740, 0.7671, 0.7603, 0.7603, 0.7534, 0.7466, 0.7397, 0.7329, 0.7260, 0.7260, 0.7192, 0.7192, 0.7123, 0.7055, 0.6986, 0.6918, 0.6849, 0.6849, 0.6781, 0.6712, 0.6301, 0.6233, 0.6164, 0.6096, 0.6027, 0.5959, 0.5890, 0.5822, 0.5753, 0.5685, 0.5616, 0.5548, 0.5479, 0.5411, 0.5342, 0.5274, 0.5205, 0.5137, 0.5137, 0.5068, 0.5068, 0.5000, 0.4932, 0.4932, 0.4863, 0.4795, 0.4726, 0.4658, 0.4589, 0.4521, 0.4452, 0.4384, 0.4315, 0.4247, 0.4178, 0.4178, 0.4110, 0.4041, 0.3973, 0.3904, 0.3904, 0.3904, 0.3836, 0.3767, 0.3699, 0.3630, 0.3562, 0.3493, 0.3425, 0.3356, 0.3356, 0.3288, 0.3219, 0.3151, 0.3151, 0.3082, 0.3014, 0.2945, 0.2877, 0.2808, 0.2740, 0.2671, 0.2603, 0.2534, 0.2466, 0.2397, 0.2329, 0.2260, 0.2192, 0.2123, 0.2055, 0.1986, 0.1918, 0.1849, 0.1781, 0.1712, 0.1644, 0.1575, 0.1507, 0.1438, 0.1370, 0.1301, 0.1233, 0.1164, 0.1096, 0.1027, 0.0959, 0.0890, 0.0822, 0.0753, 0.0685, 0.0616, 0.0548, 0.0479, 0.0411, 0.0342, 0.0274, 0.0205, 0.0137, 0.0000


10K.csv:
--------
European:
Precision: 0.2299, 0.2319, 0.2326, 0.2332, 0.2339, 0.2346, 0.2353, 0.2360, 0.2367, 0.2374, 0.2381, 0.2388, 0.2395, 0.2402, 0.2417, 0.2432, 0.2439, 0.2446, 0.2454, 0.2462, 0.2469, 0.2477, 0.2500, 0.2524, 0.2564, 0.2572, 0.2581, 0.2589, 0.2614, 0.2623, 0.2632, 0.2640, 0.2649, 0.2658, 0.2694, 0.2712, 0.2730, 0.2740, 0.2749, 0.2759, 0.2778, 0.2787, 0.2797, 0.2827, 0.2837, 0.2847, 0.2857, 0.2899, 0.2930, 0.2952, 0.2963, 0.2974, 0.3008, 0.3019, 0.3065, 0.3089, 0.3113, 0.3125, 0.3137, 0.3150, 0.3187, 0.3200, 0.3213, 0.3226, 0.3239, 0.3265, 0.3279, 0.3292, 0.3306, 0.3333, 0.3347, 0.3361, 0.3376, 0.3390, 0.3404, 0.3419, 0.3433, 0.3448, 0.3463, 0.3478, 0.3509, 0.3524, 0.3556, 0.3571, 0.3587, 0.3604, 0.3620, 0.3636, 0.3653, 0.3670, 0.3687, 0.3704, 0.3721, 0.3756, 0.3774, 0.3791, 0.3810, 0.3828, 0.3846, 0.3865, 0.3883, 0.3902, 0.3922, 0.3941, 0.3960, 0.3980, 0.4000, 0.4020, 0.4040, 0.4061, 0.4082, 0.4103, 0.4124, 0.4145, 0.4167, 0.4188, 0.4211, 0.4233, 0.4255, 0.4278, 0.4301, 0.4348, 0.4372, 0.4396, 0.4420, 0.4444, 0.4469, 0.4494, 0.4520, 0.4545, 0.4571, 0.4598, 0.4624, 0.4651, 0.4678, 0.4706, 0.4734, 0.4762, 0.4790, 0.4819, 0.4848, 0.4878, 0.4908, 0.4938, 0.4969, 0.5000, 0.5031, 0.5063, 0.5096, 0.5128, 0.5161, 0.5195, 0.5229, 0.5263, 0.5298, 0.5333, 0.5369, 0.5405, 0.5442, 0.5479, 0.5517, 0.5556, 0.5594, 0.5634, 0.5674, 0.5714, 0.5755, 0.5797, 0.5839, 0.5882, 0.5926, 0.5970, 0.6015, 0.6061, 0.6107, 0.6154, 0.6202, 0.6250, 0.6299, 0.6349, 0.6400, 0.6452, 0.6504, 0.6557, 0.6612, 0.6667, 0.6723, 0.6780, 0.6838, 0.6897, 0.6957, 0.7018, 0.7080, 0.7143, 0.7207, 0.7273, 0.7339, 0.7407, 0.7477, 0.7547, 0.7619, 0.7692, 0.8000, 0.8081, 0.8163, 0.8247, 0.8333, 0.8421, 0.8511, 0.8602, 0.8696, 0.8791, 0.8889, 0.8989, 0.9091, 0.9195, 0.9302, 0.9412, 0.9524, 0.9639, 0.9756, 0.9877, 1.0000, 1.0000, 1.0000, 1.0000, 1.0000, 1.0000, 1.0000, 1.0000, 1.0000, 1.0000, 1.0000, 1.0000, 1.0000, 1.0000, 1.0000, 1.0000, 1.0000, 1.0000, 1.0000, 1.0000, 1.0000, 1.0000, 1.0000, 1.0000, 1.0000, 1.0000, 1.0000, 1.0000, 1.0000, 1.0000, 1.0000, 1.0000, 1.0000, 1.0000, 1.0000, 1.0000, 1.0000, 1.0000, 1.0000, 1.0000, 1.0000, 1.0000, 1.0000, 1.0000, 1.0000, 1.0000, 1.0000, 1.0000, 1.0000, 1.0000, 1.0000, 1.0000, 1.0000, 1.0000, 1.0000, 1.0000, 1.0000, 1.0000, 1.0000, 1.0000, 1.0000, 1.0000, 1.0000, 1.0000, 1.0000, 1.0000, 1.0000, 1.0000, 1.0000, 1.0000, 1.0000, 1.0000
Recall: 1.0000, 1.0000, 1.0000, 1.0000, 1.0000, 1.0000, 1.0000, 1.0000, 1.0000, 1.0000, 1.0000, 1.0000, 1.0000, 1.0000, 1.0000, 1.0000, 1.0000, 1.0000, 1.0000, 1.0000, 1.0000, 1.0000, 1.0000, 1.0000, 1.0000, 1.0000, 1.0000, 1.0000, 1.0000, 1.0000, 1.0000, 1.0000, 1.0000, 1.0000, 1.0000, 1.0000, 1.0000, 1.0000, 1.0000, 1.0000, 1.0000, 1.0000, 1.0000, 1.0000, 1.0000, 1.0000, 1.0000, 1.0000, 1.0000, 1.0000, 1.0000, 1.0000, 1.0000, 1.0000, 1.0000, 1.0000, 1.0000, 1.0000, 1.0000, 1.0000, 1.0000, 1.0000, 1.0000, 1.0000, 1.0000, 1.0000, 1.0000, 1.0000, 1.0000, 1.0000, 1.0000, 1.0000, 1.0000, 1.0000, 1.0000, 1.0000, 1.0000, 1.0000, 1.0000, 1.0000, 1.0000, 1.0000, 1.0000, 1.0000, 1.0000, 1.0000, 1.0000, 1.0000, 1.0000, 1.0000, 1.0000, 1.0000, 1.0000, 1.0000, 1.0000, 1.0000, 1.0000, 1.0000, 1.0000, 1.0000, 1.0000, 1.0000, 1.0000, 1.0000, 1.0000, 1.0000, 1.0000, 1.0000, 1.0000, 1.0000, 1.0000, 1.0000, 1.0000, 1.0000, 1.0000, 1.0000, 1.0000, 1.0000, 1.0000, 1.0000, 1.0000, 1.0000, 1.0000, 1.0000, 1.0000, 1.0000, 1.0000, 1.0000, 1.0000, 1.0000, 1.0000, 1.0000, 1.0000, 1.0000, 1.0000, 1.0000, 1.0000, 1.0000, 1.0000, 1.0000, 1.0000, 1.0000, 1.0000, 1.0000, 1.0000, 1.0000, 1.0000, 1.0000, 1.0000, 1.0000, 1.0000, 1.0000, 1.0000, 1.0000, 1.0000, 1.0000, 1.0000, 1.0000, 1.0000, 1.0000, 1.0000, 1.0000, 1.0000, 1.0000, 1.0000, 1.0000, 1.0000, 1.0000, 1.0000, 1.0000, 1.0000, 1.0000, 1.0000, 1.0000, 1.0000, 1.0000, 1.0000, 1.0000, 1.0000, 1.0000, 1.0000, 1.0000, 1.0000, 1.0000, 1.0000, 1.0000, 1.0000, 1.0000, 1.0000, 1.0000, 1.0000, 1.0000, 1.0000, 1.0000, 1.0000, 1.0000, 1.0000, 1.0000, 1.0000, 1.0000, 1.0000, 1.0000, 1.0000, 1.0000, 1.0000, 1.0000, 1.0000, 1.0000, 1.0000, 1.0000, 1.0000, 1.0000, 1.0000, 1.0000, 1.0000, 1.0000, 1.0000, 1.0000, 1.0000, 1.0000, 1.0000, 1.0000, 1.0000, 0.9875, 0.9625, 0.9500, 0.9375, 0.9250, 0.9125, 0.9000, 0.8875, 0.8750, 0.8625, 0.8500, 0.8375, 0.8250, 0.8125, 0.7875, 0.7750, 0.7625, 0.7500, 0.7375, 0.7250, 0.7125, 0.7000, 0.6875, 0.6750, 0.6625, 0.6500, 0.6375, 0.6250, 0.6125, 0.6000, 0.5875, 0.5750, 0.5625, 0.5500, 0.5375, 0.5250, 0.5000, 0.4875, 0.4750, 0.4625, 0.4500, 0.4375, 0.4250, 0.4125, 0.4000, 0.3875, 0.3750, 0.3625, 0.3500, 0.3375, 0.3250, 0.3125, 0.3000, 0.2875, 0.2750, 0.2625, 0.2500, 0.2375, 0.2250, 0.2125, 0.2000, 0.1875, 0.1750, 0.1625, 0.1500, 0.1375, 0.1250, 0.1125, 0.0750, 0.0625, 0.0000

African:
Precision: 0.3506, 0.3536, 0.3547, 0.3599, 0.3609, 0.3620, 0.3631, 0.3642, 0.3653, 0.3664, 0.3675, 0.3686, 0.3697, 0.3708, 0.3720, 0.3742, 0.3754, 0.3765, 0.3777, 0.3789, 0.3801, 0.3812, 0.3824, 0.3836, 0.3849, 0.3861, 0.3873, 0.3885, 0.3898, 0.3910, 0.3923, 0.3948, 0.3961, 0.3974, 0.3987, 0.4000, 0.4013, 0.4026, 0.4040, 0.4053, 0.4067, 0.4080, 0.4094, 0.4108, 0.4122, 0.4136, 0.4150, 0.4164, 0.4192, 0.4207, 0.4221, 0.4236, 0.4251, 0.4266, 0.4281, 0.4296, 0.4311, 0.4326, 0.4342, 0.4357, 0.4373, 0.4404, 0.4420, 0.4436, 0.4453, 0.4469, 0.4485, 0.4502, 0.4519, 0.4535, 0.4552, 0.4569, 0.4586, 0.4604, 0.4621, 0.4639, 0.4656, 0.4674, 0.4692, 0.4710, 0.4729, 0.4747, 0.4766, 0.4784, 0.4803, 0.4822, 0.4841, 0.4861, 0.4880, 0.4900, 0.4919, 0.4939, 0.4959, 0.4980, 0.5000, 0.5021, 0.5041, 0.5062, 0.5083, 0.5105, 0.5126, 0.5148, 0.5169, 0.5191, 0.5214, 0.5236, 0.5259, 0.5281, 0.5304, 0.5328, 0.5351, 0.5374, 0.5398, 0.5446, 0.5471, 0.5495, 0.5520, 0.5545, 0.5571, 0.5596, 0.5622, 0.5648, 0.5674, 0.5701, 0.5728, 0.5755, 0.5782, 0.5810, 0.5837, 0.5865, 0.5894, 0.5922, 0.5951, 0.5980, 0.6010, 0.6040, 0.6070, 0.6100, 0.6131, 0.6162, 0.6193, 0.6224, 0.6256, 0.6289, 0.6354, 0.6387, 0.6421, 0.6455, 0.6489, 0.6524, 0.6559, 0.6595, 0.6630, 0.6667, 0.6703, 0.6740, 0.6778, 0.6816, 0.6854, 0.6893, 0.6932, 0.6971, 0.7011, 0.7052, 0.7093, 0.7135, 0.7176, 0.7219, 0.7262, 0.7305, 0.7349, 0.7394, 0.7439, 0.7485, 0.7531, 0.7578, 0.7625, 0.7673, 0.7722, 0.7771, 0.7821, 0.7871, 0.7922, 0.7974, 0.8026, 0.8079, 0.8133, 0.8188, 0.8243, 0.8299, 0.8356, 0.8414, 0.8472, 0.8531, 0.8592, 0.8652, 0.8714, 0.8777, 0.8841, 0.8905, 0.8971, 0.9037, 0.9104, 0.9173, 0.9242, 0.9313, 0.9457, 0.9531, 0.9606, 0.9683, 1.0000, 1.0000, 1.0000, 1.0000, 1.0000, 1.0000, 1.0000, 1.0000, 1.0000, 1.0000, 1.0000, 1.0000, 1.0000, 1.0000, 1.0000, 1.0000, 1.0000, 1.0000, 1.0000, 1.0000, 1.0000, 1.0000, 1.0000, 1.0000, 1.0000, 1.0000, 1.0000, 1.0000, 1.0000, 1.0000, 1.0000, 1.0000, 1.0000, 1.0000, 1.0000, 1.0000, 1.0000, 1.0000, 1.0000, 1.0000, 1.0000, 1.0000, 1.0000, 1.0000, 1.0000, 1.0000, 1.0000, 1.0000, 1.0000, 1.0000, 1.0000, 1.0000, 1.0000, 1.0000, 1.0000, 1.0000, 1.0000, 1.0000, 1.0000, 1.0000, 1.0000, 1.0000, 1.0000, 1.0000, 1.0000, 1.0000, 1.0000, 1.0000, 1.0000, 1.0000, 1.0000, 1.0000, 1.0000, 1.0000, 1.0000, 1.0000, 1.0000, 1.0000, 1.0000, 1.0000, 1.0000
Recall: 1.0000, 1.0000, 1.0000, 1.0000, 1.0000, 1.0000, 1.0000, 1.0000, 1.0000, 1.0000, 1.0000, 1.0000, 1.0000, 1.0000, 1.0000, 1.0000, 1.0000, 1.0000, 1.0000, 1.0000, 1.0000, 1.0000, 1.0000, 1.0000, 1.0000, 1.0000, 1.0000, 1.0000, 1.0000, 1.0000, 1.0000, 1.0000, 1.0000, 1.0000, 1.0000, 1.0000, 1.0000, 1.0000, 1.0000, 1.0000, 1.0000, 1.0000, 1.0000, 1.0000, 1.0000, 1.0000, 1.0000, 1.0000, 1.0000, 1.0000, 1.0000, 1.0000, 1.0000, 1.0000, 1.0000, 1.0000, 1.0000, 1.0000, 1.0000, 1.0000, 1.0000, 1.0000, 1.0000, 1.0000, 1.0000, 1.0000, 1.0000, 1.0000, 1.0000, 1.0000, 1.0000, 1.0000, 1.0000, 1.0000, 1.0000, 1.0000, 1.0000, 1.0000, 1.0000, 1.0000, 1.0000, 1.0000, 1.0000, 1.0000, 1.0000, 1.0000, 1.0000, 1.0000, 1.0000, 1.0000, 1.0000, 1.0000, 1.0000, 1.0000, 1.0000, 1.0000, 1.0000, 1.0000, 1.0000, 1.0000, 1.0000, 1.0000, 1.0000, 1.0000, 1.0000, 1.0000, 1.0000, 1.0000, 1.0000, 1.0000, 1.0000, 1.0000, 1.0000, 1.0000, 1.0000, 1.0000, 1.0000, 1.0000, 1.0000, 1.0000, 1.0000, 1.0000, 1.0000, 1.0000, 1.0000, 1.0000, 1.0000, 1.0000, 1.0000, 1.0000, 1.0000, 1.0000, 1.0000, 1.0000, 1.0000, 1.0000, 1.0000, 1.0000, 1.0000, 1.0000, 1.0000, 1.0000, 1.0000, 1.0000, 1.0000, 1.0000, 1.0000, 1.0000, 1.0000, 1.0000, 1.0000, 1.0000, 1.0000, 1.0000, 1.0000, 1.0000, 1.0000, 1.0000, 1.0000, 1.0000, 1.0000, 1.0000, 1.0000, 1.0000, 1.0000, 1.0000, 1.0000, 1.0000, 1.0000, 1.0000, 1.0000, 1.0000, 1.0000, 1.0000, 1.0000, 1.0000, 1.0000, 1.0000, 1.0000, 1.0000, 1.0000, 1.0000, 1.0000, 1.0000, 1.0000, 1.0000, 1.0000, 1.0000, 1.0000, 1.0000, 1.0000, 1.0000, 1.0000, 1.0000, 1.0000, 1.0000, 1.0000, 1.0000, 1.0000, 1.0000, 1.0000, 1.0000, 1.0000, 1.0000, 1.0000, 1.0000, 1.0000, 1.0000, 1.0000, 1.0000, 1.0000, 0.9918, 0.9836, 0.9754, 0.9672, 0.9590, 0.9508, 0.9426, 0.9344, 0.9262, 0.9180, 0.9098, 0.8852, 0.8770, 0.8689, 0.8607, 0.8525, 0.8443, 0.8361, 0.8279, 0.8197, 0.8115, 0.8033, 0.7951, 0.7869, 0.7705, 0.7541, 0.7459, 0.7377, 0.7295, 0.7213, 0.7131, 0.7049, 0.6803, 0.6557, 0.6148, 0.6066, 0.5984, 0.5902, 0.5656, 0.5574, 0.5492, 0.5410, 0.5328, 0.5246, 0.4754, 0.4508, 0.4426, 0.4180, 0.4098, 0.4016, 0.3770, 0.3689, 0.3607, 0.3525, 0.3197, 0.2951, 0.2787, 0.2705, 0.2623, 0.2377, 0.2295, 0.1967, 0.1803, 0.1639, 0.1557, 0.1475, 0.1393, 0.1148, 0.1066, 0.0984, 0.0902, 0.0820, 0.0656, 0.0574, 0.0492, 0.0410, 0.0246, 0.0164, 0.0082, 0.0000

Asian:
Precision: 0.4195, 0.4207, 0.4220, 0.4232, 0.4257, 0.4269, 0.4282, 0.4294, 0.4320, 0.4332, 0.4345, 0.4358, 0.4371, 0.4411, 0.4424, 0.4438, 0.4451, 0.4479, 0.4506, 0.4562, 0.4577, 0.4620, 0.4635, 0.4650, 0.4679, 0.4725, 0.4787, 0.4803, 0.4818, 0.4834, 0.4883, 0.4899, 0.4916, 0.4949, 0.4966, 0.4983, 0.5017, 0.5034, 0.5069, 0.5141, 0.5159, 0.5177, 0.5196, 0.5214, 0.5233, 0.5290, 0.5309, 0.5328, 0.5348, 0.5448, 0.5509, 0.5573, 0.5594, 0.5615, 0.5637, 0.5659, 0.5681, 0.5703, 0.5748, 0.5794, 0.5817, 0.5840, 0.5863, 0.5887, 0.5911, 0.5935, 0.5959, 0.5984, 0.6008, 0.6033, 0.6058, 0.6083, 0.6160, 0.6186, 0.6213, 0.6239, 0.6266, 0.6293, 0.6432, 0.6460, 0.6489, 0.6577, 0.6606, 0.6636, 0.6667, 0.6697, 0.6728, 0.6759, 0.6791, 0.6822, 0.6854, 0.6887, 0.6919, 0.6952, 0.6986, 0.7019, 0.7053, 0.7087, 0.7122, 0.7157, 0.7192, 0.7228, 0.7264, 0.7300, 0.7337, 0.7374, 0.7411, 0.7449, 0.7487, 0.7526, 0.7565, 0.7604, 0.7644, 0.7684, 0.7725, 0.7766, 0.7849, 0.7892, 0.7935, 0.7978, 0.8022, 0.8066, 0.8111, 0.8156, 0.8202, 0.8249, 0.8295, 0.8343, 0.8391, 0.8439, 0.8488, 0.8538, 0.8588, 0.8639, 0.8690, 0.8743, 0.8795, 0.8848, 0.8957, 0.9012, 0.9068, 0.9125, 0.9182, 0.9241, 0.9299, 0.9359, 0.9419, 0.9481, 0.9542, 0.9605, 0.9669, 0.9733, 0.9865, 0.9932, 1.0000, 1.0000, 1.0000, 1.0000, 1.0000, 1.0000, 1.0000, 1.0000, 1.0000, 1.0000, 1.0000, 1.0000, 1.0000, 1.0000, 1.0000, 1.0000, 1.0000, 1.0000, 1.0000, 1.0000, 1.0000, 1.0000, 1.0000, 1.0000, 1.0000, 1.0000, 1.0000, 1.0000, 1.0000, 1.0000, 1.0000, 1.0000, 1.0000, 1.0000, 1.0000, 1.0000, 1.0000, 1.0000, 1.0000, 1.0000, 1.0000, 1.0000, 1.0000, 1.0000, 1.0000, 1.0000, 1.0000, 1.0000, 1.0000, 1.0000, 1.0000, 1.0000, 1.0000, 1.0000, 1.0000, 1.0000, 1.0000, 1.0000, 1.0000, 1.0000, 1.0000, 1.0000, 1.0000, 1.0000, 1.0000, 1.0000, 1.0000, 1.0000, 1.0000, 1.0000, 1.0000, 1.0000, 1.0000, 1.0000, 1.0000, 1.0000, 1.0000, 1.0000, 1.0000, 1.0000, 1.0000, 1.0000, 1.0000, 1.0000, 1.0000, 1.0000, 1.0000, 1.0000, 1.0000, 1.0000, 1.0000, 1.0000, 1.0000, 1.0000, 1.0000, 1.0000, 1.0000, 1.0000, 1.0000, 1.0000, 1.0000, 1.0000, 1.0000, 1.0000, 1.0000, 1.0000, 1.0000, 1.0000, 1.0000, 1.0000, 1.0000, 1.0000, 1.0000, 1.0000, 1.0000, 1.0000, 1.0000, 1.0000, 1.0000, 1.0000, 1.0000, 1.0000, 1.0000, 1.0000, 1.0000, 1.0000, 1.0000, 1.0000, 1.0000, 1.0000, 1.0000, 1.0000, 1.0000, 1.0000, 1.0000, 1.0000, 1.0000, 1.0000, 1.0000, 1.0000
Recall: 1.0000, 1.0000, 1.0000, 1.0000, 1.0000, 1.0000, 1.0000, 1.0000, 1.0000, 1.0000, 1.0000, 1.0000, 1.0000, 1.0000, 1.0000, 1.0000, 1.0000, 1.0000, 1.0000, 1.0000, 1.0000, 1.0000, 1.0000, 1.0000, 1.0000, 1.0000, 1.0000, 1.0000, 1.0000, 1.0000, 1.0000, 1.0000, 1.0000, 1.0000, 1.0000, 1.0000, 1.0000, 1.0000, 1.0000, 1.0000, 1.0000, 1.0000, 1.0000, 1.0000, 1.0000, 1.0000, 1.0000, 1.0000, 1.0000, 1.0000, 1.0000, 1.0000, 1.0000, 1.0000, 1.0000, 1.0000, 1.0000, 1.0000, 1.0000, 1.0000, 1.0000, 1.0000, 1.0000, 1.0000, 1.0000, 1.0000, 1.0000, 1.0000, 1.0000, 1.0000, 1.0000, 1.0000, 1.0000, 1.0000, 1.0000, 1.0000, 1.0000, 1.0000, 1.0000, 1.0000, 1.0000, 1.0000, 1.0000, 1.0000, 1.0000, 1.0000, 1.0000, 1.0000, 1.0000, 1.0000, 1.0000, 1.0000, 1.0000, 1.0000, 1.0000, 1.0000, 1.0000, 1.0000, 1.0000, 1.0000, 1.0000, 1.0000, 1.0000, 1.0000, 1.0000, 1.0000, 1.0000, 1.0000, 1.0000, 1.0000, 1.0000, 1.0000, 1.0000, 1.0000, 1.0000, 1.0000, 1.0000, 1.0000, 1.0000, 1.0000, 1.0000, 1.0000, 1.0000, 1.0000, 1.0000, 1.0000, 1.0000, 1.0000, 1.0000, 1.0000, 1.0000, 1.0000, 1.0000, 1.0000, 1.0000, 1.0000, 1.0000, 1.0000, 1.0000, 1.0000, 1.0000, 1.0000, 1.0000, 1.0000, 1.0000, 1.0000, 1.0000, 1.0000, 1.0000, 1.0000, 1.0000, 1.0000, 1.0000, 1.0000, 1.0000, 0.9932, 0.9863, 0.9795, 0.9726, 0.9658, 0.9589, 0.9521, 0.9452, 0.9384, 0.9315, 0.9247, 0.9178, 0.9110, 0.9041, 0.8973, 0.8904, 0.8836, 0.8767, 0.8493, 0.8425, 0.8356, 0.8288, 0.8219, 0.8151, 0.8082, 0.8014, 0.7945, 0.7877, 0.7808, 0.7740, 0.7671, 0.7603, 0.7534, 0.7466, 0.7397, 0.7329, 0.7260, 0.7192, 0.7123, 0.7055, 0.6986, 0.6918, 0.6849, 0.6781, 0.6712, 0.6644, 0.6575, 0.6507, 0.6438, 0.6370, 0.6301, 0.6233, 0.6164, 0.6096, 0.6027, 0.5959, 0.5890, 0.5822, 0.5753, 0.5685, 0.5616, 0.5548, 0.5479, 0.5411, 0.5342, 0.5274, 0.5205, 0.5137, 0.5068, 0.5000, 0.4932, 0.4863, 0.4795, 0.4726, 0.4658, 0.4589, 0.4521, 0.4452, 0.4384, 0.4315, 0.4247, 0.4178, 0.4110, 0.4041, 0.3973, 0.3904, 0.3836, 0.3767, 0.3699, 0.3630, 0.3562, 0.3493, 0.3425, 0.3356, 0.3288, 0.3219, 0.3151, 0.3082, 0.2945, 0.2877, 0.2808, 0.2740, 0.2671, 0.2603, 0.2534, 0.2466, 0.2397, 0.2329, 0.2260, 0.2192, 0.2123, 0.2055, 0.1986, 0.1918, 0.1849, 0.1781, 0.1712, 0.1644, 0.1575, 0.1507, 0.1438, 0.1370, 0.1301, 0.1233, 0.1164, 0.1027, 0.0959, 0.0890, 0.0822, 0.0753, 0.0685, 0.0616, 0.0548, 0.0479, 0.0411, 0.0342, 0.0205, 0.0137, 0.0000


1K.csv:
-------
European:
Precision: 0.2299, 0.2319, 0.2326, 0.2332, 0.2339, 0.2346, 0.2353, 0.2360, 0.2367, 0.2381, 0.2388, 0.2395, 0.2402, 0.2410, 0.2417, 0.2432, 0.2439, 0.2446, 0.2454, 0.2462, 0.2469, 0.2477, 0.2484, 0.2492, 0.2500, 0.2508, 0.2516, 0.2524, 0.2532, 0.2540, 0.2556, 0.2564, 0.2572, 0.2581, 0.2589, 0.2606, 0.2614, 0.2632, 0.2640, 0.2649, 0.2658, 0.2667, 0.2676, 0.2685, 0.2694, 0.2703, 0.2712, 0.2730, 0.2740, 0.2749, 0.2759, 0.2768, 0.2778, 0.2787, 0.2797, 0.2807, 0.2817, 0.2827, 0.2837, 0.2857, 0.2867, 0.2888, 0.2899, 0.2909, 0.2920, 0.2930, 0.2941, 0.2952, 0.2963, 0.2974, 0.2985, 0.2996, 0.3008, 0.3019, 0.3030, 0.3042, 0.3053, 0.3065, 0.3077, 0.3089, 0.3101, 0.3113, 0.3125, 0.3137, 0.3150, 0.3162, 0.3175, 0.3187, 0.3200, 0.3213, 0.3226, 0.3239, 0.3252, 0.3265, 0.3279, 0.3292, 0.3306, 0.3320, 0.3333, 0.3347, 0.3361, 0.3376, 0.3390, 0.3404, 0.3419, 0.3433, 0.3463, 0.3478, 0.3493, 0.3509, 0.3524, 0.3540, 0.3556, 0.3571, 0.3587, 0.3604, 0.3636, 0.3653, 0.3670, 0.3687, 0.3704, 0.3721, 0.3738, 0.3756, 0.3774, 0.3791, 0.3810, 0.3828, 0.3846, 0.3865, 0.3883, 0.3902, 0.3922, 0.3941, 0.3960, 0.3980, 0.4000, 0.4020, 0.4040, 0.4061, 0.4082, 0.4103, 0.4124, 0.4145, 0.4167, 0.4188, 0.4211, 0.4233, 0.4255, 0.4278, 0.4301, 0.4324, 0.4348, 0.4372, 0.4396, 0.4420, 0.4444, 0.4469, 0.4494, 0.4520, 0.4545, 0.4571, 0.4598, 0.4624, 0.4651, 0.4678, 0.4706, 0.4734, 0.4762, 0.4790, 0.4819, 0.4848, 0.4878, 0.4908, 0.4938, 0.4969, 0.5000, 0.5031, 0.5063, 0.5096, 0.5128, 0.5161, 0.5195, 0.5229, 0.5263, 0.5298, 0.5333, 0.5369, 0.5405, 0.5442, 0.5479, 0.5517, 0.5556, 0.5594, 0.5634, 0.5674, 0.5714, 0.5755, 0.5797, 0.5839, 0.5882, 0.5926, 0.5970, 0.6015, 0.6061, 0.6107, 0.6154, 0.6202, 0.6250, 0.6299, 0.6349, 0.6400, 0.6452, 0.6504, 0.6557, 0.6612, 0.6667, 0.6723, 0.6780, 0.6838, 0.6897, 0.6957, 0.7207, 0.7273, 0.7339, 0.7407, 0.7477, 0.7547, 0.7619, 0.7692, 0.7767, 0.7843, 0.7921, 0.7900, 0.7980, 0.8061, 0.8144, 0.8229, 0.8316, 0.8404, 0.8495, 0.8478, 0.8571, 0.8667, 0.8764, 0.8864, 0.8966, 0.9070, 0.9059, 0.9167, 0.9157, 0.9146, 0.9136, 0.9125, 0.9114, 0.9103, 0.9091, 0.9211, 0.9189, 0.9315, 0.9306, 0.9296, 0.9429, 0.9420, 0.9412, 0.9403, 0.9394, 0.9538, 0.9531, 0.9524, 0.9516, 0.9508, 0.9667, 0.9831, 0.9828, 0.9825, 0.9818, 1.0000, 1.0000, 1.0000, 1.0000, 1.0000, 1.0000, 1.0000, 1.0000, 1.0000, 1.0000, 1.0000, 1.0000, 1.0000, 1.0000, 1.0000, 1.0000, 1.0000, 1.0000, 1.0000, 1.0000, 1.0000, 1.0000, 1.0000, 1.0000, 1.0000, 1.0000, 1.0000, 1.0000, 1.0000, 1.0000, 1.0000, 1.0000, 1.0000, 1.0000, 1.0000, 1.0000, 1.0000, 1.0000, 1.0000, 1.0000, 1.0000, 1.0000, 1.0000, 1.0000, 1.0000, 1.0000, 1.0000, 1.0000, 1.0000, 1.0000
Recall: 1.0000, 1.0000, 1.0000, 1.0000, 1.0000, 1.0000, 1.0000, 1.0000, 1.0000, 1.0000, 1.0000, 1.0000, 1.0000, 1.0000, 1.0000, 1.0000, 1.0000, 1.0000, 1.0000, 1.0000, 1.0000, 1.0000, 1.0000, 1.0000, 1.0000, 1.0000, 1.0000, 1.0000, 1.0000, 1.0000, 1.0000, 1.0000, 1.0000, 1.0000, 1.0000, 1.0000, 1.0000, 1.0000, 1.0000, 1.0000, 1.0000, 1.0000, 1.0000, 1.0000, 1.0000, 1.0000, 1.0000, 1.0000, 1.0000, 1.0000, 1.0000, 1.0000, 1.0000, 1.0000, 1.0000, 1.0000, 1.0000, 1.0000, 1.0000, 1.0000, 1.0000, 1.0000, 1.0000, 1.0000, 1.0000, 1.0000, 1.0000, 1.0000, 1.0000, 1.0000, 1.0000, 1.0000, 1.0000, 1.0000, 1.0000, 1.0000, 1.0000, 1.0000, 1.0000, 1.0000, 1.0000, 1.0000, 1.0000, 1.0000, 1.0000, 1.0000, 1.0000, 1.0000, 1.0000, 1.0000, 1.0000, 1.0000, 1.0000, 1.0000, 1.0000, 1.0000, 1.0000, 1.0000, 1.0000, 1.0000, 1.0000, 1.0000, 1.0000, 1.0000, 1.0000, 1.0000, 1.0000, 1.0000, 1.0000, 1.0000, 1.0000, 1.0000, 1.0000, 1.0000, 1.0000, 1.0000, 1.0000, 1.0000, 1.0000, 1.0000, 1.0000, 1.0000, 1.0000, 1.0000, 1.0000, 1.0000, 1.0000, 1.0000, 1.0000, 1.0000, 1.0000, 1.0000, 1.0000, 1.0000, 1.0000, 1.0000, 1.0000, 1.0000, 1.0000, 1.0000, 1.0000, 1.0000, 1.0000, 1.0000, 1.0000, 1.0000, 1.0000, 1.0000, 1.0000, 1.0000, 1.0000, 1.0000, 1.0000, 1.0000, 1.0000, 1.0000, 1.0000, 1.0000, 1.0000, 1.0000, 1.0000, 1.0000, 1.0000, 1.0000, 1.0000, 1.0000, 1.0000, 1.0000, 1.0000, 1.0000, 1.0000, 1.0000, 1.0000, 1.0000, 1.0000, 1.0000, 1.0000, 1.0000, 1.0000, 1.0000, 1.0000, 1.0000, 1.0000, 1.0000, 1.0000, 1.0000, 1.0000, 1.0000, 1.0000, 1.0000, 1.0000, 1.0000, 1.0000, 1.0000, 1.0000, 1.0000, 1.0000, 1.0000, 1.0000, 1.0000, 1.0000, 1.0000, 1.0000, 1.0000, 1.0000, 1.0000, 1.0000, 1.0000, 1.0000, 1.0000, 1.0000, 1.0000, 1.0000, 1.0000, 1.0000, 1.0000, 1.0000, 1.0000, 1.0000, 1.0000, 1.0000, 1.0000, 1.0000, 1.0000, 1.0000, 1.0000, 1.0000, 1.0000, 1.0000, 1.0000, 1.0000, 1.0000, 1.0000, 0.9875, 0.9875, 0.9875, 0.9875, 0.9875, 0.9875, 0.9875, 0.9875, 0.9750, 0.9750, 0.9750, 0.9750, 0.9750, 0.9750, 0.9750, 0.9625, 0.9625, 0.9500, 0.9375, 0.9250, 0.9125, 0.9000, 0.8875, 0.8750, 0.8750, 0.8500, 0.8500, 0.8375, 0.8250, 0.8250, 0.8125, 0.8000, 0.7875, 0.7750, 0.7750, 0.7625, 0.7500, 0.7375, 0.7250, 0.7250, 0.7250, 0.7125, 0.7000, 0.6750, 0.6750, 0.6625, 0.6500, 0.6375, 0.6250, 0.6125, 0.6000, 0.5875, 0.5750, 0.5625, 0.5500, 0.5375, 0.5250, 0.5125, 0.5000, 0.4875, 0.4750, 0.4625, 0.4500, 0.4375, 0.4250, 0.4125, 0.4000, 0.3875, 0.3750, 0.3625, 0.3500, 0.3375, 0.3250, 0.3125, 0.3000, 0.2875, 0.2750, 0.2625, 0.2500, 0.2375, 0.2250, 0.2125, 0.2000, 0.1875, 0.1750, 0.1625, 0.1500, 0.1375, 0.1250, 0.1125, 0.1000, 0.0625, 0.0500, 0.0000

African:
Precision: 0.3506, 0.3536, 0.3547, 0.3588, 0.3599, 0.3609, 0.3620, 0.3631, 0.3642, 0.3653, 0.3664, 0.3686, 0.3697, 0.3708, 0.3720, 0.3731, 0.3742, 0.3754, 0.3765, 0.3777, 0.3789, 0.3801, 0.3812, 0.3824, 0.3836, 0.3849, 0.3861, 0.3873, 0.3898, 0.3910, 0.3923, 0.3935, 0.3948, 0.3961, 0.3974, 0.3987, 0.4000, 0.4013, 0.4026, 0.4040, 0.4053, 0.4067, 0.4080, 0.4094, 0.4108, 0.4122, 0.4136, 0.4150, 0.4164, 0.4178, 0.4192, 0.4207, 0.4221, 0.4236, 0.4251, 0.4266, 0.4281, 0.4296, 0.4311, 0.4326, 0.4342, 0.4357, 0.4373, 0.4388, 0.4404, 0.4420, 0.4436, 0.4453, 0.4469, 0.4485, 0.4502, 0.4519, 0.4535, 0.4552, 0.4569, 0.4586, 0.4604, 0.4621, 0.4656, 0.4674, 0.4692, 0.4710, 0.4729, 0.4747, 0.4766, 0.4784, 0.4803, 0.4822, 0.4841, 0.4861, 0.4880, 0.4900, 0.4919, 0.4939, 0.4959, 0.4980, 0.5000, 0.5021, 0.5041, 0.5062, 0.5083, 0.5105, 0.5126, 0.5105, 0.5127, 0.5149, 0.5171, 0.5193, 0.5216, 0.5238, 0.5261, 0.5284, 0.5307, 0.5330, 0.5354, 0.5378, 0.5402, 0.5426, 0.5450, 0.5475, 0.5500, 0.5525, 0.5550, 0.5576, 0.5602, 0.5628, 0.5654, 0.5681, 0.5708, 0.5735, 0.5762, 0.5789, 0.5817, 0.5845, 0.5874, 0.5902, 0.5931, 0.5961, 0.5990, 0.6020, 0.6050, 0.6080, 0.6111, 0.6142, 0.6173, 0.6205, 0.6237, 0.6269, 0.6302, 0.6335, 0.6368, 0.6402, 0.6436, 0.6471, 0.6505, 0.6541, 0.6576, 0.6612, 0.6648, 0.6685, 0.6722, 0.6760, 0.6798, 0.6836, 0.6875, 0.6914, 0.6954, 0.6994, 0.7035, 0.7076, 0.7118, 0.7160, 0.7202, 0.7246, 0.7289, 0.7378, 0.7423, 0.7469, 0.7516, 0.7562, 0.7610, 0.7658, 0.7707, 0.7756, 0.7806, 0.7857, 0.7908, 0.7961, 0.8013, 0.8067, 0.8121, 0.8176, 0.8403, 0.8462, 0.8521, 0.8582, 0.8643, 0.8705, 0.8768, 0.8832, 0.8897, 0.8963, 0.9030, 0.9098, 0.9167, 0.9237, 0.9308, 0.9380, 0.9453, 0.9528, 0.9603, 0.9680, 0.9758, 0.9837, 0.9918, 1.0000, 1.0000, 1.0000, 1.0000, 1.0000, 1.0000, 1.0000, 1.0000, 1.0000, 1.0000, 1.0000, 1.0000, 1.0000, 1.0000, 1.0000, 1.0000, 1.0000, 1.0000, 1.0000, 1.0000, 1.0000, 1.0000, 1.0000, 1.0000, 1.0000, 1.0000, 1.0000, 1.0000, 1.0000, 1.0000, 1.0000, 1.0000, 1.0000, 1.0000, 1.0000, 1.0000, 1.0000, 1.0000, 1.0000, 1.0000, 1.0000, 1.0000, 1.0000, 1.0000, 1.0000, 1.0000, 1.0000, 1.0000, 1.0000, 1.0000, 1.0000, 1.0000, 1.0000, 1.0000, 1.0000, 1.0000, 1.0000, 1.0000, 1.0000, 1.0000, 1.0000, 1.0000, 1.0000, 1.0000, 1.0000, 1.0000, 1.0000, 1.0000, 1.0000, 1.0000, 1.0000, 1.0000, 1.0000, 1.0000, 1.0000, 1.0000, 1.0000, 1.0000, 1.0000, 1.0000, 1.0000, 1.0000, 1.0000, 1.0000, 1.0000, 1.0000, 1.0000, 1.0000, 1.0000, 1.0000, 1.0000, 1.0000, 1.0000, 1.0000, 1.0000, 1.0000, 1.0000, 1.0000, 1.0000, 1.0000, 1.0000, 1.0000, 1.0000, 1.0000, 1.0000, 1.0000, 1.0000, 1.0000, 1.0000, 1.0000, 1.0000, 1.0000
Recall: 1.0000, 1.0000, 1.0000, 1.0000, 1.0000, 1.0000, 1.0000, 1.0000, 1.0000, 1.0000, 1.0000, 1.0000, 1.0000, 1.0000, 1.0000, 1.0000, 1.0000, 1.0000, 1.0000, 1.0000, 1.0000, 1.0000, 1.0000, 1.0000, 1.0000, 1.0000, 1.0000, 1.0000, 1.0000, 1.0000, 1.0000, 1.0000, 1.0000, 1.0000, 1.0000, 1.0000, 1.0000, 1.0000, 1.0000, 1.0000, 1.0000, 1.0000, 1.0000, 1.0000, 1.0000, 1.0000, 1.0000, 1.0000, 1.0000, 1.0000, 1.0000, 1.0000, 1.0000, 1.0000, 1.0000, 1.0000, 1.0000, 1.0000, 1.0000, 1.0000, 1.0000, 1.0000, 1.0000, 1.0000, 1.0000, 1.0000, 1.0000, 1.0000, 1.0000, 1.0000, 1.0000, 1.0000, 1.0000, 1.0000, 1.0000, 1.0000, 1.0000, 1.0000, 1.0000, 1.0000, 1.0000, 1.0000, 1.0000, 1.0000, 1.0000, 1.0000, 1.0000, 1.0000, 1.0000, 1.0000, 1.0000, 1.0000, 1.0000, 1.0000, 1.0000, 1.0000, 1.0000, 1.0000, 1.0000, 1.0000, 1.0000, 1.0000, 1.0000, 0.9918, 0.9918, 0.9918, 0.9918, 0.9918, 0.9918, 0.9918, 0.9918, 0.9918, 0.9918, 0.9918, 0.9918, 0.9918, 0.9918, 0.9918, 0.9918, 0.9918, 0.9918, 0.9918, 0.9918, 0.9918, 0.9918, 0.9918, 0.9918, 0.9918, 0.9918, 0.9918, 0.9918, 0.9918, 0.9918, 0.9918, 0.9918, 0.9918, 0.9918, 0.9918, 0.9918, 0.9918, 0.9918, 0.9918, 0.9918, 0.9918, 0.9918, 0.9918, 0.9918, 0.9918, 0.9918, 0.9918, 0.9918, 0.9918, 0.9918, 0.9918, 0.9918, 0.9918, 0.9918, 0.9918, 0.9918, 0.9918, 0.9918, 0.9918, 0.9918, 0.9918, 0.9918, 0.9918, 0.9918, 0.9918, 0.9918, 0.9918, 0.9918, 0.9918, 0.9918, 0.9918, 0.9918, 0.9918, 0.9918, 0.9918, 0.9918, 0.9918, 0.9918, 0.9918, 0.9918, 0.9918, 0.9918, 0.9918, 0.9918, 0.9918, 0.9918, 0.9918, 0.9918, 0.9918, 0.9918, 0.9918, 0.9918, 0.9918, 0.9918, 0.9918, 0.9918, 0.9918, 0.9918, 0.9918, 0.9918, 0.9918, 0.9918, 0.9918, 0.9918, 0.9918, 0.9918, 0.9918, 0.9918, 0.9918, 0.9918, 0.9918, 0.9918, 0.9918, 0.9836, 0.9754, 0.9672, 0.9590, 0.9508, 0.9426, 0.9344, 0.9262, 0.9180, 0.9098, 0.9016, 0.8934, 0.8852, 0.8770, 0.8689, 0.8607, 0.8525, 0.8443, 0.8361, 0.8279, 0.8197, 0.8115, 0.8033, 0.7951, 0.7869, 0.7787, 0.7705, 0.7623, 0.7541, 0.7459, 0.7377, 0.7295, 0.7213, 0.7131, 0.7049, 0.6967, 0.6885, 0.6803, 0.6721, 0.6475, 0.6393, 0.6311, 0.6230, 0.6148, 0.6066, 0.5984, 0.5902, 0.5738, 0.5656, 0.5574, 0.5492, 0.5410, 0.5328, 0.5164, 0.5082, 0.5000, 0.4918, 0.4836, 0.4754, 0.4672, 0.4590, 0.4508, 0.4426, 0.4344, 0.4262, 0.4180, 0.4098, 0.4016, 0.3852, 0.3770, 0.3689, 0.3607, 0.3525, 0.3361, 0.3279, 0.3115, 0.3033, 0.2951, 0.2869, 0.2787, 0.2705, 0.2623, 0.2541, 0.2459, 0.2377, 0.2213, 0.2131, 0.2049, 0.1967, 0.1885, 0.1803, 0.1721, 0.1639, 0.1557, 0.1475, 0.1393, 0.1311, 0.1148, 0.1066, 0.0902, 0.0820, 0.0738, 0.0656, 0.0574, 0.0492, 0.0410, 0.0328, 0.0246, 0.0164, 0.0082, 0.0000

Asian:
Precision: 0.4195, 0.4207, 0.4220, 0.4232, 0.4244, 0.4257, 0.4269, 0.4282, 0.4294, 0.4307, 0.4320, 0.4332, 0.4358, 0.4371, 0.4398, 0.4411, 0.4424, 0.4438, 0.4451, 0.4465, 0.4479, 0.4492, 0.4506, 0.4520, 0.4534, 0.4548, 0.4577, 0.4591, 0.4606, 0.4620, 0.4635, 0.4650, 0.4665, 0.4679, 0.4695, 0.4710, 0.4740, 0.4756, 0.4787, 0.4803, 0.4818, 0.4834, 0.4850, 0.4883, 0.4899, 0.4916, 0.4932, 0.4949, 0.4966, 0.4983, 0.5000, 0.5017, 0.5034, 0.5052, 0.5069, 0.5087, 0.5105, 0.5123, 0.5159, 0.5177, 0.5196, 0.5214, 0.5233, 0.5252, 0.5290, 0.5309, 0.5328, 0.5348, 0.5368, 0.5387, 0.5407, 0.5428, 0.5489, 0.5509, 0.5530, 0.5551, 0.5573, 0.5594, 0.5615, 0.5637, 0.5659, 0.5681, 0.5703, 0.5725, 0.5748, 0.5771, 0.5794, 0.5817, 0.5840, 0.5863, 0.5887, 0.5911, 0.5935, 0.5959, 0.5984, 0.6008, 0.6033, 0.6058, 0.6083, 0.6109, 0.6134, 0.6239, 0.6266, 0.6293, 0.6376, 0.6404, 0.6432, 0.6460, 0.6489, 0.6518, 0.6547, 0.6577, 0.6606, 0.6636, 0.6667, 0.6697, 0.6728, 0.6759, 0.6791, 0.6822, 0.6854, 0.6887, 0.6919, 0.6952, 0.6986, 0.7019, 0.7053, 0.7087, 0.7122, 0.7157, 0.7192, 0.7228, 0.7264, 0.7300, 0.7337, 0.7374, 0.7411, 0.7449, 0.7487, 0.7526, 0.7565, 0.7604, 0.7644, 0.7684, 0.7725, 0.7766, 0.7807, 0.7849, 0.7892, 0.7935, 0.7978, 0.8022, 0.8066, 0.8111, 0.8156, 0.8202, 0.8249, 0.8295, 0.8343, 0.8333, 0.8430, 0.8480, 0.8529, 0.8521, 0.8512, 0.8563, 0.8614, 0.8667, 0.8720, 0.8712, 0.8765, 0.8820, 0.8875, 0.8931, 0.8987, 0.8981, 0.9038, 0.9097, 0.9091, 0.9211, 0.9205, 0.9267, 0.9329, 0.9392, 0.9456, 0.9521, 0.9586, 0.9653, 0.9720, 0.9789, 0.9858, 0.9857, 0.9856, 0.9855, 0.9854, 0.9853, 0.9926, 0.9925, 0.9925, 0.9924, 0.9924, 0.9923, 0.9922, 0.9922, 1.0000, 1.0000, 1.0000, 1.0000, 1.0000, 1.0000, 1.0000, 1.0000, 1.0000, 1.0000, 1.0000, 1.0000, 1.0000, 1.0000, 1.0000, 1.0000, 1.0000, 1.0000, 1.0000, 1.0000, 1.0000, 1.0000, 1.0000, 1.0000, 1.0000, 1.0000, 1.0000, 1.0000, 1.0000, 1.0000, 1.0000, 1.0000, 1.0000, 1.0000, 1.0000, 1.0000, 1.0000, 1.0000, 1.0000, 1.0000, 1.0000, 1.0000, 1.0000, 1.0000, 1.0000, 1.0000, 1.0000, 1.0000, 1.0000, 1.0000, 1.0000, 1.0000, 1.0000, 1.0000, 1.0000, 1.0000, 1.0000, 1.0000, 1.0000, 1.0000, 1.0000, 1.0000, 1.0000, 1.0000, 1.0000, 1.0000, 1.0000, 1.0000, 1.0000, 1.0000, 1.0000, 1.0000, 1.0000, 1.0000, 1.0000, 1.0000, 1.0000, 1.0000, 1.0000, 1.0000, 1.0000, 1.0000, 1.0000, 1.0000, 1.0000, 1.0000, 1.0000, 1.0000, 1.0000, 1.0000, 1.0000, 1.0000, 1.0000, 1.0000, 1.0000, 1.0000, 1.0000, 1.0000, 1.0000, 1.0000, 1.0000, 1.0000, 1.0000, 1.0000, 1.0000, 1.0000, 1.0000, 1.0000, 1.0000, 1.0000, 1.0000, 1.0000, 1.0000, 1.0000, 1.0000, 1.0000, 1.0000, 1.0000, 1.0000, 1.0000, 1.0000, 1.0000, 1.0000
Recall: 1.0000, 1.0000, 1.0000, 1.0000, 1.0000, 1.0000, 1.0000, 1.0000, 1.0000, 1.0000, 1.0000, 1.0000, 1.0000, 1.0000, 1.0000, 1.0000, 1.0000, 1.0000, 1.0000, 1.0000, 1.0000, 1.0000, 1.0000, 1.0000, 1.0000, 1.0000, 1.0000, 1.0000, 1.0000, 1.0000, 1.0000, 1.0000, 1.0000, 1.0000, 1.0000, 1.0000, 1.0000, 1.0000, 1.0000, 1.0000, 1.0000, 1.0000, 1.0000, 1.0000, 1.0000, 1.0000, 1.0000, 1.0000, 1.0000, 1.0000, 1.0000, 1.0000, 1.0000, 1.0000, 1.0000, 1.0000, 1.0000, 1.0000, 1.0000, 1.0000, 1.0000, 1.0000, 1.0000, 1.0000, 1.0000, 1.0000, 1.0000, 1.0000, 1.0000, 1.0000, 1.0000, 1.0000, 1.0000, 1.0000, 1.0000, 1.0000, 1.0000, 1.0000, 1.0000, 1.0000, 1.0000, 1.0000, 1.0000, 1.0000, 1.0000, 1.0000, 1.0000, 1.0000, 1.0000, 1.0000, 1.0000, 1.0000, 1.0000, 1.0000, 1.0000, 1.0000, 1.0000, 1.0000, 1.0000, 1.0000, 1.0000, 1.0000, 1.0000, 1.0000, 1.0000, 1.0000, 1.0000, 1.0000, 1.0000, 1.0000, 1.0000, 1.0000, 1.0000, 1.0000, 1.0000, 1.0000, 1.0000, 1.0000, 1.0000, 1.0000, 1.0000, 1.0000, 1.0000, 1.0000, 1.0000, 1.0000, 1.0000, 1.0000, 1.0000, 1.0000, 1.0000, 1.0000, 1.0000, 1.0000, 1.0000, 1.0000, 1.0000, 1.0000, 1.0000, 1.0000, 1.0000, 1.0000, 1.0000, 1.0000, 1.0000, 1.0000, 1.0000, 1.0000, 1.0000, 1.0000, 1.0000, 1.0000, 1.0000, 1.0000, 1.0000, 1.0000, 1.0000, 1.0000, 1.0000, 0.9932, 0.9932, 0.9932, 0.9932, 0.9863, 0.9795, 0.9795, 0.9795, 0.9795, 0.9795, 0.9726, 0.9726, 0.9726, 0.9726, 0.9726, 0.9726, 0.9658, 0.9658, 0.9658, 0.9589, 0.9589, 0.9521, 0.9521, 0.9521, 0.9521, 0.9521, 0.9521, 0.9521, 0.9521, 0.9521, 0.9521, 0.9521, 0.9452, 0.9384, 0.9315, 0.9247, 0.9178, 0.9178, 0.9110, 0.9041, 0.8973, 0.8904, 0.8836, 0.8767, 0.8699, 0.8699, 0.8630, 0.8562, 0.8493, 0.8425, 0.8356, 0.8288, 0.8219, 0.8151, 0.8082, 0.8014, 0.7740, 0.7671, 0.7603, 0.7534, 0.7466, 0.7397, 0.7329, 0.7260, 0.7192, 0.7123, 0.7055, 0.6986, 0.6918, 0.6849, 0.6781, 0.6712, 0.6644, 0.6575, 0.6507, 0.6438, 0.6370, 0.6301, 0.6233, 0.6164, 0.6096, 0.6027, 0.5959, 0.5890, 0.5822, 0.5753, 0.5685, 0.5616, 0.5548, 0.5479, 0.5411, 0.5342, 0.5274, 0.5205, 0.5137, 0.5068, 0.5000, 0.4932, 0.4863, 0.4795, 0.4726, 0.4658, 0.4589, 0.4521, 0.4452, 0.4384, 0.4315, 0.4247, 0.4178, 0.4110, 0.4041, 0.3973, 0.3904, 0.3836, 0.3767, 0.3699, 0.3630, 0.3562, 0.3493, 0.3425, 0.3356, 0.3288, 0.3219, 0.3151, 0.3082, 0.3014, 0.2945, 0.2877, 0.2808, 0.2740, 0.2671, 0.2603, 0.2534, 0.2466, 0.2397, 0.2329, 0.2260, 0.2192, 0.2123, 0.2055, 0.1986, 0.1918, 0.1849, 0.1781, 0.1712, 0.1644, 0.1575, 0.1507, 0.1438, 0.1370, 0.1301, 0.1233, 0.1164, 0.1096, 0.1027, 0.0959, 0.0890, 0.0753, 0.0685, 0.0616, 0.0548, 0.0479, 0.0411, 0.0342, 0.0274, 0.0205, 0.0137, 0.0000


300K.csv:
---------
European:
Precision: 0.2299, 0.2319, 0.2326, 0.2332, 0.2339, 0.2353, 0.2374, 0.2395, 0.2402, 0.2410, 0.2417, 0.2424, 0.2477, 0.2484, 0.2500, 0.2614, 0.2623, 0.2658, 0.2667, 0.2703, 0.2730, 0.2749, 0.2759, 0.2768, 0.2778, 0.2787, 0.2974, 0.2985, 0.3030, 0.3137, 0.3162, 0.3187, 0.3213, 0.3252, 0.3265, 0.3279, 0.3390, 0.3404, 0.3419, 0.3433, 0.3448, 0.3463, 0.3493, 0.3509, 0.3524, 0.3540, 0.3571, 0.3604, 0.3620, 0.3653, 0.3670, 0.3687, 0.3704, 0.3721, 0.3738, 0.3774, 0.3791, 0.3810, 0.3846, 0.3865, 0.3883, 0.3902, 0.3941, 0.3960, 0.3980, 0.4000, 0.4061, 0.4082, 0.4103, 0.4124, 0.4167, 0.4188, 0.4211, 0.4233, 0.4255, 0.4278, 0.4301, 0.4324, 0.4348, 0.4372, 0.4396, 0.4420, 0.4444, 0.4494, 0.4520, 0.4545, 0.4571, 0.4598, 0.4624, 0.4651, 0.4678, 0.4706, 0.4762, 0.4790, 0.4819, 0.4848, 0.4878, 0.4938, 0.4969, 0.5000, 0.5031, 0.5063, 0.5128, 0.5161, 0.5229, 0.5263, 0.5298, 0.5333, 0.5369, 0.5405, 0.5479, 0.5556, 0.5594, 0.5634, 0.5714, 0.5755, 0.5797, 0.5839, 0.5882, 0.5926, 0.5970, 0.6061, 0.6107, 0.6154, 0.6202, 0.6299, 0.6349, 0.6400, 0.6452, 0.6504, 0.6557, 0.6612, 0.6667, 0.6723, 0.6780, 0.6838, 0.6897, 0.6957, 0.7018, 0.7080, 0.7143, 0.7207, 0.7273, 0.7339, 0.7407, 0.7477, 0.7547, 0.7619, 0.7692, 0.7767, 0.7843, 0.7921, 0.8000, 0.8081, 0.8163, 0.8247, 0.8602, 0.8696, 0.8791, 0.8889, 0.8989, 0.9091, 0.9195, 0.9302, 0.9412, 0.9524, 0.9639, 0.9756, 0.9877, 1.0000, 1.0000, 1.0000, 1.0000, 1.0000, 1.0000, 1.0000, 1.0000, 1.0000, 1.0000, 1.0000, 1.0000, 1.0000, 1.0000, 1.0000, 1.0000, 1.0000, 1.0000, 1.0000, 1.0000, 1.0000, 1.0000, 1.0000, 1.0000, 1.0000, 1.0000, 1.0000, 1.0000, 1.0000, 1.0000, 1.0000, 1.0000, 1.0000, 1.0000, 1.0000, 1.0000, 1.0000, 1.0000, 1.0000, 1.0000, 1.0000, 1.0000, 1.0000, 1.0000, 1.0000, 1.0000, 1.0000, 1.0000, 1.0000, 1.0000, 1.0000, 1.0000, 1.0000, 1.0000, 1.0000, 1.0000, 1.0000, 1.0000, 1.0000, 1.0000, 1.0000, 1.0000, 1.0000, 1.0000, 1.0000, 1.0000, 1.0000, 1.0000, 1.0000, 1.0000, 1.0000
Recall: 1.0000, 1.0000, 1.0000, 1.0000, 1.0000, 1.0000, 1.0000, 1.0000, 1.0000, 1.0000, 1.0000, 1.0000, 1.0000, 1.0000, 1.0000, 1.0000, 1.0000, 1.0000, 1.0000, 1.0000, 1.0000, 1.0000, 1.0000, 1.0000, 1.0000, 1.0000, 1.0000, 1.0000, 1.0000, 1.0000, 1.0000, 1.0000, 1.0000, 1.0000, 1.0000, 1.0000, 1.0000, 1.0000, 1.0000, 1.0000, 1.0000, 1.0000, 1.0000, 1.0000, 1.0000, 1.0000, 1.0000, 1.0000, 1.0000, 1.0000, 1.0000, 1.0000, 1.0000, 1.0000, 1.0000, 1.0000, 1.0000, 1.0000, 1.0000, 1.0000, 1.0000, 1.0000, 1.0000, 1.0000, 1.0000, 1.0000, 1.0000, 1.0000, 1.0000, 1.0000, 1.0000, 1.0000, 1.0000, 1.0000, 1.0000, 1.0000, 1.0000, 1.0000, 1.0000, 1.0000, 1.0000, 1.0000, 1.0000, 1.0000, 1.0000, 1.0000, 1.0000, 1.0000, 1.0000, 1.0000, 1.0000, 1.0000, 1.0000, 1.0000, 1.0000, 1.0000, 1.0000, 1.0000, 1.0000, 1.0000, 1.0000, 1.0000, 1.0000, 1.0000, 1.0000, 1.0000, 1.0000, 1.0000, 1.0000, 1.0000, 1.0000, 1.0000, 1.0000, 1.0000, 1.0000, 1.0000, 1.0000, 1.0000, 1.0000, 1.0000, 1.0000, 1.0000, 1.0000, 1.0000, 1.0000, 1.0000, 1.0000, 1.0000, 1.0000, 1.0000, 1.0000, 1.0000, 1.0000, 1.0000, 1.0000, 1.0000, 1.0000, 1.0000, 1.0000, 1.0000, 1.0000, 1.0000, 1.0000, 1.0000, 1.0000, 1.0000, 1.0000, 1.0000, 1.0000, 1.0000, 1.0000, 1.0000, 1.0000, 1.0000, 1.0000, 1.0000, 1.0000, 1.0000, 1.0000, 1.0000, 1.0000, 1.0000, 1.0000, 1.0000, 1.0000, 1.0000, 1.0000, 1.0000, 1.0000, 1.0000, 0.9750, 0.9625, 0.9500, 0.9375, 0.9250, 0.9125, 0.9000, 0.8750, 0.8625, 0.8500, 0.8375, 0.8250, 0.8125, 0.8000, 0.7875, 0.7750, 0.7625, 0.7500, 0.7375, 0.7250, 0.7125, 0.7000, 0.6875, 0.6750, 0.6625, 0.6500, 0.6375, 0.6250, 0.6125, 0.6000, 0.5875, 0.5750, 0.5625, 0.5500, 0.5375, 0.5250, 0.5125, 0.4875, 0.4750, 0.4625, 0.4500, 0.4375, 0.4250, 0.4125, 0.4000, 0.3875, 0.3750, 0.3625, 0.3500, 0.3375, 0.3125, 0.3000, 0.2875, 0.2750, 0.2625, 0.2500, 0.2375, 0.2250, 0.2125, 0.2000, 0.1875, 0.1750, 0.1625, 0.1500, 0.1375, 0.1250, 0.0875, 0.0750, 0.0625, 0.0000

African:
Precision: 0.3506, 0.3536, 0.3547, 0.3557, 0.3609, 0.3620, 0.3631, 0.3642, 0.3653, 0.3664, 0.3675, 0.3697, 0.3708, 0.3720, 0.3731, 0.3742, 0.3754, 0.3765, 0.3777, 0.3789, 0.3812, 0.3824, 0.3836, 0.3849, 0.3861, 0.3873, 0.3885, 0.3898, 0.3910, 0.3923, 0.3935, 0.3948, 0.3974, 0.3987, 0.4000, 0.4013, 0.4026, 0.4040, 0.4053, 0.4067, 0.4094, 0.4108, 0.4122, 0.4136, 0.4150, 0.4164, 0.4178, 0.4192, 0.4207, 0.4221, 0.4236, 0.4251, 0.4266, 0.4296, 0.4311, 0.4326, 0.4342, 0.4373, 0.4388, 0.4404, 0.4420, 0.4436, 0.4453, 0.4469, 0.4502, 0.4519, 0.4535, 0.4552, 0.4569, 0.4604, 0.4621, 0.4639, 0.4656, 0.4674, 0.4692, 0.4710, 0.4729, 0.4747, 0.4803, 0.4822, 0.4861, 0.4880, 0.4900, 0.4919, 0.4939, 0.4959, 0.4980, 0.5000, 0.5021, 0.5041, 0.5062, 0.5083, 0.5105, 0.5126, 0.5148, 0.5169, 0.5191, 0.5214, 0.5236, 0.5259, 0.5281, 0.5304, 0.5328, 0.5351, 0.5374, 0.5422, 0.5446, 0.5471, 0.5495, 0.5520, 0.5545, 0.5571, 0.5596, 0.5622, 0.5648, 0.5674, 0.5701, 0.5728, 0.5755, 0.5782, 0.5810, 0.5837, 0.5865, 0.5894, 0.5951, 0.5980, 0.6010, 0.6040, 0.6070, 0.6100, 0.6131, 0.6162, 0.6193, 0.6224, 0.6256, 0.6289, 0.6321, 0.6354, 0.6421, 0.6455, 0.6489, 0.6524, 0.6559, 0.6595, 0.6667, 0.6703, 0.6740, 0.6778, 0.6854, 0.6893, 0.6932, 0.7011, 0.7052, 0.7093, 0.7135, 0.7176, 0.7219, 0.7305, 0.7349, 0.7439, 0.7531, 0.7578, 0.7625, 0.7722, 0.7771, 0.7821, 0.7871, 0.7922, 0.7974, 0.8026, 0.8079, 0.8133, 0.8188, 0.8243, 0.8299, 0.8356, 0.8414, 0.8531, 0.8592, 0.8652, 0.8714, 0.8777, 0.8841, 0.8905, 0.8971, 0.9037, 0.9104, 0.9173, 0.9242, 0.9313, 0.9385, 0.9531, 0.9606, 0.9683, 1.0000, 1.0000, 1.0000, 1.0000, 1.0000, 1.0000, 1.0000, 1.0000, 1.0000, 1.0000, 1.0000, 1.0000, 1.0000, 1.0000, 1.0000, 1.0000, 1.0000, 1.0000, 1.0000, 1.0000, 1.0000, 1.0000, 1.0000, 1.0000, 1.0000, 1.0000, 1.0000, 1.0000, 1.0000, 1.0000, 1.0000, 1.0000, 1.0000, 1.0000, 1.0000, 1.0000, 1.0000, 1.0000, 1.0000, 1.0000, 1.0000, 1.0000, 1.0000
Recall: 1.0000, 1.0000, 1.0000, 1.0000, 1.0000, 1.0000, 1.0000, 1.0000, 1.0000, 1.0000, 1.0000, 1.0000, 1.0000, 1.0000, 1.0000, 1.0000, 1.0000, 1.0000, 1.0000, 1.0000, 1.0000, 1.0000, 1.0000, 1.0000, 1.0000, 1.0000, 1.0000, 1.0000, 1.0000, 1.0000, 1.0000, 1.0000, 1.0000, 1.0000, 1.0000, 1.0000, 1.0000, 1.0000, 1.0000, 1.0000, 1.0000, 1.0000, 1.0000, 1.0000, 1.0000, 1.0000, 1.0000, 1.0000, 1.0000, 1.0000, 1.0000, 1.0000, 1.0000, 1.0000, 1.0000, 1.0000, 1.0000, 1.0000, 1.0000, 1.0000, 1.0000, 1.0000, 1.0000, 1.0000, 1.0000, 1.0000, 1.0000, 1.0000, 1.0000, 1.0000, 1.0000, 1.0000, 1.0000, 1.0000, 1.0000, 1.0000, 1.0000, 1.0000, 1.0000, 1.0000, 1.0000, 1.0000, 1.0000, 1.0000, 1.0000, 1.0000, 1.0000, 1.0000, 1.0000, 1.0000, 1.0000, 1.0000, 1.0000, 1.0000, 1.0000, 1.0000, 1.0000, 1.0000, 1.0000, 1.0000, 1.0000, 1.0000, 1.0000, 1.0000, 1.0000, 1.0000, 1.0000, 1.0000, 1.0000, 1.0000, 1.0000, 1.0000, 1.0000, 1.0000, 1.0000, 1.0000, 1.0000, 1.0000, 1.0000, 1.0000, 1.0000, 1.0000, 1.0000, 1.0000, 1.0000, 1.0000, 1.0000, 1.0000, 1.0000, 1.0000, 1.0000, 1.0000, 1.0000, 1.0000, 1.0000, 1.0000, 1.0000, 1.0000, 1.0000, 1.0000, 1.0000, 1.0000, 1.0000, 1.0000, 1.0000, 1.0000, 1.0000, 1.0000, 1.0000, 1.0000, 1.0000, 1.0000, 1.0000, 1.0000, 1.0000, 1.0000, 1.0000, 1.0000, 1.0000, 1.0000, 1.0000, 1.0000, 1.0000, 1.0000, 1.0000, 1.0000, 1.0000, 1.0000, 1.0000, 1.0000, 1.0000, 1.0000, 1.0000, 1.0000, 1.0000, 1.0000, 1.0000, 1.0000, 1.0000, 1.0000, 1.0000, 1.0000, 1.0000, 1.0000, 1.0000, 1.0000, 1.0000, 1.0000, 1.0000, 1.0000, 1.0000, 1.0000, 1.0000, 1.0000, 1.0000, 0.9918, 0.9836, 0.9754, 0.9672, 0.9508, 0.9262, 0.9180, 0.9098, 0.9016, 0.8607, 0.8361, 0.8279, 0.8115, 0.8033, 0.7459, 0.7377, 0.7213, 0.6066, 0.5984, 0.5656, 0.5574, 0.5246, 0.5000, 0.4836, 0.4754, 0.4672, 0.4590, 0.3033, 0.2951, 0.2623, 0.1885, 0.1721, 0.1557, 0.1393, 0.1148, 0.1066, 0.0984, 0.0328, 0.0246, 0.0164, 0.0082, 0.0000

Asian:
Precision: 0.4195, 0.4207, 0.4220, 0.4232, 0.4244, 0.4345, 0.4358, 0.4371, 0.4411, 0.4438, 0.4465, 0.4492, 0.4620, 0.4679, 0.4695, 0.4983, 0.5000, 0.5017, 0.5034, 0.5052, 0.5087, 0.5141, 0.5214, 0.5233, 0.5309, 0.5328, 0.5615, 0.5659, 0.5681, 0.5840, 0.5863, 0.5887, 0.5911, 0.5935, 0.6008, 0.6058, 0.6134, 0.6160, 0.6186, 0.6213, 0.6293, 0.6348, 0.6376, 0.6404, 0.6547, 0.6577, 0.6606, 0.6636, 0.6728, 0.6759, 0.6791, 0.6822, 0.6854, 0.6887, 0.6919, 0.6952, 0.6986, 0.7019, 0.7053, 0.7087, 0.7122, 0.7157, 0.7192, 0.7228, 0.7264, 0.7337, 0.7374, 0.7411, 0.7449, 0.7487, 0.7526, 0.7565, 0.7604, 0.7644, 0.7684, 0.7725, 0.7766, 0.7807, 0.7892, 0.7935, 0.7978, 0.8022, 0.8066, 0.8111, 0.8156, 0.8202, 0.8249, 0.8295, 0.8343, 0.8391, 0.8439, 0.8488, 0.8538, 0.8588, 0.8639, 0.8690, 0.8743, 0.8795, 0.8848, 0.8902, 0.8957, 0.9012, 0.9068, 0.9125, 0.9182, 0.9241, 0.9299, 0.9359, 0.9481, 0.9542, 0.9605, 0.9669, 0.9733, 0.9799, 0.9865, 1.0000, 1.0000, 1.0000, 1.0000, 1.0000, 1.0000, 1.0000, 1.0000, 1.0000, 1.0000, 1.0000, 1.0000, 1.0000, 1.0000, 1.0000, 1.0000, 1.0000, 1.0000, 1.0000, 1.0000, 1.0000, 1.0000, 1.0000, 1.0000, 1.0000, 1.0000, 1.0000, 1.0000, 1.0000, 1.0000, 1.0000, 1.0000, 1.0000, 1.0000, 1.0000, 1.0000, 1.0000, 1.0000, 1.0000, 1.0000, 1.0000, 1.0000, 1.0000, 1.0000, 1.0000, 1.0000, 1.0000, 1.0000, 1.0000, 1.0000, 1.0000, 1.0000, 1.0000, 1.0000, 1.0000, 1.0000, 1.0000, 1.0000, 1.0000, 1.0000, 1.0000, 1.0000, 1.0000, 1.0000, 1.0000, 1.0000, 1.0000, 1.0000, 1.0000, 1.0000, 1.0000, 1.0000, 1.0000, 1.0000, 1.0000, 1.0000, 1.0000, 1.0000, 1.0000, 1.0000, 1.0000, 1.0000, 1.0000, 1.0000, 1.0000, 1.0000, 1.0000, 1.0000, 1.0000, 1.0000, 1.0000, 1.0000, 1.0000, 1.0000, 1.0000, 1.0000, 1.0000, 1.0000, 1.0000, 1.0000, 1.0000, 1.0000, 1.0000, 1.0000, 1.0000, 1.0000, 1.0000, 1.0000, 1.0000, 1.0000, 1.0000, 1.0000, 1.0000, 1.0000, 1.0000, 1.0000, 1.0000, 1.0000, 1.0000, 1.0000, 1.0000, 1.0000, 1.0000, 1.0000, 1.0000
Recall: 1.0000, 1.0000, 1.0000, 1.0000, 1.0000, 1.0000, 1.0000, 1.0000, 1.0000, 1.0000, 1.0000, 1.0000, 1.0000, 1.0000, 1.0000, 1.0000, 1.0000, 1.0000, 1.0000, 1.0000, 1.0000, 1.0000, 1.0000, 1.0000, 1.0000, 1.0000, 1.0000, 1.0000, 1.0000, 1.0000, 1.0000, 1.0000, 1.0000, 1.0000, 1.0000, 1.0000, 1.0000, 1.0000, 1.0000, 1.0000, 1.0000, 1.0000, 1.0000, 1.0000, 1.0000, 1.0000, 1.0000, 1.0000, 1.0000, 1.0000, 1.0000, 1.0000, 1.0000, 1.0000, 1.0000, 1.0000, 1.0000, 1.0000, 1.0000, 1.0000, 1.0000, 1.0000, 1.0000, 1.0000, 1.0000, 1.0000, 1.0000, 1.0000, 1.0000, 1.0000, 1.0000, 1.0000, 1.0000, 1.0000, 1.0000, 1.0000, 1.0000, 1.0000, 1.0000, 1.0000, 1.0000, 1.0000, 1.0000, 1.0000, 1.0000, 1.0000, 1.0000, 1.0000, 1.0000, 1.0000, 1.0000, 1.0000, 1.0000, 1.0000, 1.0000, 1.0000, 1.0000, 1.0000, 1.0000, 1.0000, 1.0000, 1.0000, 1.0000, 1.0000, 1.0000, 1.0000, 1.0000, 1.0000, 1.0000, 1.0000, 1.0000, 1.0000, 1.0000, 1.0000, 1.0000, 1.0000, 0.9932, 0.9863, 0.9795, 0.9726, 0.9658, 0.9589, 0.9521, 0.9452, 0.9384, 0.9315, 0.9247, 0.9178, 0.9110, 0.8836, 0.8767, 0.8699, 0.8630, 0.8562, 0.8493, 0.8425, 0.8356, 0.8288, 0.8219, 0.8151, 0.8082, 0.8014, 0.7945, 0.7877, 0.7808, 0.7740, 0.7671, 0.7603, 0.7534, 0.7466, 0.7397, 0.7329, 0.7260, 0.7192, 0.7123, 0.7055, 0.6986, 0.6918, 0.6849, 0.6781, 0.6644, 0.6575, 0.6507, 0.6438, 0.6301, 0.6233, 0.6164, 0.6096, 0.6027, 0.5959, 0.5890, 0.5753, 0.5685, 0.5616, 0.5479, 0.5342, 0.5274, 0.5205, 0.5137, 0.5068, 0.5000, 0.4863, 0.4795, 0.4658, 0.4589, 0.4521, 0.4452, 0.4384, 0.4247, 0.4178, 0.4110, 0.4041, 0.3973, 0.3836, 0.3767, 0.3699, 0.3630, 0.3562, 0.3493, 0.3425, 0.3356, 0.3288, 0.3151, 0.3082, 0.3014, 0.2945, 0.2877, 0.2808, 0.2740, 0.2671, 0.2603, 0.2534, 0.2466, 0.2397, 0.2329, 0.2192, 0.2123, 0.2055, 0.1986, 0.1781, 0.1712, 0.1644, 0.1575, 0.1438, 0.1370, 0.1301, 0.1233, 0.1096, 0.1027, 0.0959, 0.0822, 0.0753, 0.0685, 0.0616, 0.0548, 0.0479, 0.0342, 0.0274, 0.0137, 0.0000


50K.csv:
--------
European:
Precision: 0.2299, 0.2319, 0.2326, 0.2332, 0.2339, 0.2346, 0.2381, 0.2388, 0.2395, 0.2402, 0.2410, 0.2417, 0.2446, 0.2469, 0.2508, 0.2524, 0.2532, 0.2540, 0.2640, 0.2649, 0.2658, 0.2676, 0.2730, 0.2749, 0.2759, 0.2768, 0.2807, 0.2827, 0.2867, 0.2888, 0.2899, 0.2909, 0.2941, 0.2963, 0.2974, 0.3030, 0.3042, 0.3077, 0.3101, 0.3175, 0.3187, 0.3200, 0.3239, 0.3252, 0.3265, 0.3279, 0.3292, 0.3306, 0.3333, 0.3347, 0.3361, 0.3376, 0.3390, 0.3404, 0.3419, 0.3433, 0.3448, 0.3463, 0.3478, 0.3493, 0.3509, 0.3524, 0.3556, 0.3587, 0.3604, 0.3620, 0.3636, 0.3653, 0.3670, 0.3687, 0.3704, 0.3721, 0.3738, 0.3756, 0.3774, 0.3791, 0.3810, 0.3828, 0.3846, 0.3865, 0.3883, 0.3902, 0.3922, 0.3941, 0.3960, 0.4000, 0.4040, 0.4061, 0.4103, 0.4124, 0.4145, 0.4167, 0.4188, 0.4211, 0.4233, 0.4255, 0.4278, 0.4301, 0.4324, 0.4348, 0.4372, 0.4396, 0.4420, 0.4444, 0.4469, 0.4494, 0.4520, 0.4545, 0.4571, 0.4598, 0.4624, 0.4651, 0.4678, 0.4706, 0.4734, 0.4762, 0.4790, 0.4819, 0.4848, 0.4878, 0.4908, 0.4938, 0.4969, 0.5000, 0.5031, 0.5096, 0.5128, 0.5161, 0.5195, 0.5229, 0.5263, 0.5298, 0.5333, 0.5369, 0.5405, 0.5442, 0.5479, 0.5517, 0.5556, 0.5594, 0.5634, 0.5674, 0.5714, 0.5755, 0.5797, 0.5882, 0.5926, 0.5970, 0.6015, 0.6061, 0.6107, 0.6154, 0.6202, 0.6250, 0.6299, 0.6349, 0.6400, 0.6452, 0.6504, 0.6557, 0.6612, 0.6667, 0.6723, 0.6780, 0.6838, 0.6897, 0.6957, 0.7018, 0.7080, 0.7143, 0.7207, 0.7273, 0.7339, 0.7407, 0.7477, 0.7547, 0.7619, 0.7692, 0.7767, 0.7843, 0.7921, 0.8000, 0.8081, 0.8163, 0.8247, 0.8602, 0.8696, 0.8791, 0.8889, 0.8989, 0.9091, 0.9195, 0.9302, 0.9412, 0.9524, 0.9639, 0.9756, 0.9877, 1.0000, 1.0000, 1.0000, 1.0000, 1.0000, 1.0000, 1.0000, 1.0000, 1.0000, 1.0000, 1.0000, 1.0000, 1.0000, 1.0000, 1.0000, 1.0000, 1.0000, 1.0000, 1.0000, 1.0000, 1.0000, 1.0000, 1.0000, 1.0000, 1.0000, 1.0000, 1.0000, 1.0000, 1.0000, 1.0000, 1.0000, 1.0000, 1.0000, 1.0000, 1.0000, 1.0000, 1.0000, 1.0000, 1.0000, 1.0000, 1.0000, 1.0000, 1.0000, 1.0000, 1.0000, 1.0000, 1.0000, 1.0000, 1.0000, 1.0000, 1.0000, 1.0000, 1.0000, 1.0000, 1.0000, 1.0000, 1.0000, 1.0000, 1.0000, 1.0000, 1.0000, 1.0000, 1.0000, 1.0000, 1.0000, 1.0000, 1.0000, 1.0000, 1.0000, 1.0000, 1.0000, 1.0000, 1.0000, 1.0000
Recall: 1.0000, 1.0000, 1.0000, 1.0000, 1.0000, 1.0000, 1.0000, 1.0000, 1.0000, 1.0000, 1.0000, 1.0000, 1.0000, 1.0000, 1.0000, 1.0000, 1.0000, 1.0000, 1.0000, 1.0000, 1.0000, 1.0000, 1.0000, 1.0000, 1.0000, 1.0000, 1.0000, 1.0000, 1.0000, 1.0000, 1.0000, 1.0000, 1.0000, 1.0000, 1.0000, 1.0000, 1.0000, 1.0000, 1.0000, 1.0000, 1.0000, 1.0000, 1.0000, 1.0000, 1.0000, 1.0000, 1.0000, 1.0000, 1.0000, 1.0000, 1.0000, 1.0000, 1.0000, 1.0000, 1.0000, 1.0000, 1.0000, 1.0000, 1.0000, 1.0000, 1.0000, 1.0000, 1.0000, 1.0000, 1.0000, 1.0000, 1.0000, 1.0000, 1.0000, 1.0000, 1.0000, 1.0000, 1.0000, 1.0000, 1.0000, 1.0000, 1.0000, 1.0000, 1.0000, 1.0000, 1.0000, 1.0000, 1.0000, 1.0000, 1.0000, 1.0000, 1.0000, 1.0000, 1.0000, 1.0000, 1.0000, 1.0000, 1.0000, 1.0000, 1.0000, 1.0000, 1.0000, 1.0000, 1.0000, 1.0000, 1.0000, 1.0000, 1.0000, 1.0000, 1.0000, 1.0000, 1.0000, 1.0000, 1.0000, 1.0000, 1.0000, 1.0000, 1.0000, 1.0000, 1.0000, 1.0000, 1.0000, 1.0000, 1.0000, 1.0000, 1.0000, 1.0000, 1.0000, 1.0000, 1.0000, 1.0000, 1.0000, 1.0000, 1.0000, 1.0000, 1.0000, 1.0000, 1.0000, 1.0000, 1.0000, 1.0000, 1.0000, 1.0000, 1.0000, 1.0000, 1.0000, 1.0000, 1.0000, 1.0000, 1.0000, 1.0000, 1.0000, 1.0000, 1.0000, 1.0000, 1.0000, 1.0000, 1.0000, 1.0000, 1.0000, 1.0000, 1.0000, 1.0000, 1.0000, 1.0000, 1.0000, 1.0000, 1.0000, 1.0000, 1.0000, 1.0000, 1.0000, 1.0000, 1.0000, 1.0000, 1.0000, 1.0000, 1.0000, 1.0000, 1.0000, 1.0000, 1.0000, 1.0000, 1.0000, 1.0000, 1.0000, 1.0000, 1.0000, 1.0000, 1.0000, 1.0000, 1.0000, 1.0000, 1.0000, 1.0000, 1.0000, 1.0000, 1.0000, 1.0000, 1.0000, 1.0000, 1.0000, 1.0000, 1.0000, 0.9750, 0.9625, 0.9500, 0.9375, 0.9250, 0.9125, 0.9000, 0.8750, 0.8625, 0.8500, 0.8375, 0.8250, 0.8125, 0.8000, 0.7875, 0.7750, 0.7625, 0.7500, 0.7375, 0.7250, 0.7125, 0.7000, 0.6875, 0.6750, 0.6625, 0.6500, 0.6375, 0.6250, 0.6125, 0.6000, 0.5875, 0.5750, 0.5625, 0.5500, 0.5375, 0.5250, 0.5125, 0.5000, 0.4875, 0.4750, 0.4625, 0.4500, 0.4375, 0.4250, 0.4125, 0.4000, 0.3875, 0.3750, 0.3625, 0.3500, 0.3375, 0.3250, 0.3125, 0.3000, 0.2875, 0.2750, 0.2625, 0.2500, 0.2375, 0.2250, 0.2125, 0.2000, 0.1875, 0.1750, 0.1625, 0.1500, 0.1375, 0.1250, 0.0875, 0.0750, 0.0625, 0.0500, 0.0000

African:
Precision: 0.3506, 0.3536, 0.3547, 0.3557, 0.3567, 0.3609, 0.3620, 0.3631, 0.3642, 0.3653, 0.3664, 0.3675, 0.3686, 0.3697, 0.3720, 0.3731, 0.3742, 0.3754, 0.3765, 0.3777, 0.3789, 0.3801, 0.3812, 0.3824, 0.3836, 0.3849, 0.3861, 0.3873, 0.3885, 0.3898, 0.3910, 0.3923, 0.3935, 0.3961, 0.3974, 0.3987, 0.4000, 0.4013, 0.4026, 0.4040, 0.4053, 0.4067, 0.4080, 0.4094, 0.4108, 0.4122, 0.4136, 0.4150, 0.4164, 0.4178, 0.4192, 0.4207, 0.4221, 0.4236, 0.4251, 0.4266, 0.4281, 0.4296, 0.4311, 0.4326, 0.4342, 0.4357, 0.4373, 0.4388, 0.4404, 0.4420, 0.4436, 0.4453, 0.4469, 0.4485, 0.4502, 0.4519, 0.4535, 0.4552, 0.4569, 0.4586, 0.4604, 0.4621, 0.4656, 0.4674, 0.4692, 0.4729, 0.4747, 0.4766, 0.4784, 0.4822, 0.4841, 0.4861, 0.4880, 0.4900, 0.4919, 0.4939, 0.4959, 0.4980, 0.5000, 0.5021, 0.5041, 0.5062, 0.5083, 0.5105, 0.5126, 0.5148, 0.5169, 0.5191, 0.5214, 0.5236, 0.5259, 0.5281, 0.5304, 0.5328, 0.5351, 0.5374, 0.5398, 0.5422, 0.5446, 0.5471, 0.5495, 0.5520, 0.5545, 0.5571, 0.5596, 0.5622, 0.5648, 0.5674, 0.5701, 0.5728, 0.5755, 0.5782, 0.5810, 0.5837, 0.5865, 0.5894, 0.5922, 0.5951, 0.5980, 0.6040, 0.6070, 0.6100, 0.6131, 0.6162, 0.6193, 0.6224, 0.6256, 0.6289, 0.6321, 0.6354, 0.6387, 0.6421, 0.6455, 0.6489, 0.6524, 0.6559, 0.6630, 0.6667, 0.6703, 0.6740, 0.6778, 0.6816, 0.6854, 0.6893, 0.6932, 0.6971, 0.7011, 0.7052, 0.7093, 0.7135, 0.7176, 0.7219, 0.7262, 0.7305, 0.7349, 0.7394, 0.7485, 0.7531, 0.7578, 0.7625, 0.7673, 0.7722, 0.7771, 0.7821, 0.7871, 0.7922, 0.7974, 0.8026, 0.8079, 0.8133, 0.8188, 0.8243, 0.8299, 0.8356, 0.8414, 0.8472, 0.8531, 0.8592, 0.8652, 0.8714, 0.8777, 0.8841, 0.8905, 0.8971, 0.9037, 0.9104, 0.9173, 0.9242, 0.9313, 0.9385, 0.9457, 0.9606, 0.9683, 1.0000, 1.0000, 1.0000, 1.0000, 1.0000, 1.0000, 1.0000, 1.0000, 1.0000, 1.0000, 1.0000, 1.0000, 1.0000, 1.0000, 1.0000, 1.0000, 1.0000, 1.0000, 1.0000, 1.0000, 1.0000, 1.0000, 1.0000, 1.0000, 1.0000, 1.0000, 1.0000, 1.0000, 1.0000, 1.0000, 1.0000, 1.0000, 1.0000, 1.0000, 1.0000, 1.0000, 1.0000, 1.0000, 1.0000, 1.0000, 1.0000, 1.0000, 1.0000, 1.0000, 1.0000, 1.0000, 1.0000, 1.0000, 1.0000, 1.0000, 1.0000, 1.0000, 1.0000, 1.0000, 1.0000, 1.0000, 1.0000, 1.0000, 1.0000
Recall: 1.0000, 1.0000, 1.0000, 1.0000, 1.0000, 1.0000, 1.0000, 1.0000, 1.0000, 1.0000, 1.0000, 1.0000, 1.0000, 1.0000, 1.0000, 1.0000, 1.0000, 1.0000, 1.0000, 1.0000, 1.0000, 1.0000, 1.0000, 1.0000, 1.0000, 1.0000, 1.0000, 1.0000, 1.0000, 1.0000, 1.0000, 1.0000, 1.0000, 1.0000, 1.0000, 1.0000, 1.0000, 1.0000, 1.0000, 1.0000, 1.0000, 1.0000, 1.0000, 1.0000, 1.0000, 1.0000, 1.0000, 1.0000, 1.0000, 1.0000, 1.0000, 1.0000, 1.0000, 1.0000, 1.0000, 1.0000, 1.0000, 1.0000, 1.0000, 1.0000, 1.0000, 1.0000, 1.0000, 1.0000, 1.0000, 1.0000, 1.0000, 1.0000, 1.0000, 1.0000, 1.0000, 1.0000, 1.0000, 1.0000, 1.0000, 1.0000, 1.0000, 1.0000, 1.0000, 1.0000, 1.0000, 1.0000, 1.0000, 1.0000, 1.0000, 1.0000, 1.0000, 1.0000, 1.0000, 1.0000, 1.0000, 1.0000, 1.0000, 1.0000, 1.0000, 1.0000, 1.0000, 1.0000, 1.0000, 1.0000, 1.0000, 1.0000, 1.0000, 1.0000, 1.0000, 1.0000, 1.0000, 1.0000, 1.0000, 1.0000, 1.0000, 1.0000, 1.0000, 1.0000, 1.0000, 1.0000, 1.0000, 1.0000, 1.0000, 1.0000, 1.0000, 1.0000, 1.0000, 1.0000, 1.0000, 1.0000, 1.0000, 1.0000, 1.0000, 1.0000, 1.0000, 1.0000, 1.0000, 1.0000, 1.0000, 1.0000, 1.0000, 1.0000, 1.0000, 1.0000, 1.0000, 1.0000, 1.0000, 1.0000, 1.0000, 1.0000, 1.0000, 1.0000, 1.0000, 1.0000, 1.0000, 1.0000, 1.0000, 1.0000, 1.0000, 1.0000, 1.0000, 1.0000, 1.0000, 1.0000, 1.0000, 1.0000, 1.0000, 1.0000, 1.0000, 1.0000, 1.0000, 1.0000, 1.0000, 1.0000, 1.0000, 1.0000, 1.0000, 1.0000, 1.0000, 1.0000, 1.0000, 1.0000, 1.0000, 1.0000, 1.0000, 1.0000, 1.0000, 1.0000, 1.0000, 1.0000, 1.0000, 1.0000, 1.0000, 1.0000, 1.0000, 1.0000, 1.0000, 1.0000, 1.0000, 1.0000, 1.0000, 1.0000, 1.0000, 1.0000, 1.0000, 1.0000, 1.0000, 1.0000, 1.0000, 1.0000, 1.0000, 1.0000, 1.0000, 1.0000, 0.9918, 0.9836, 0.9754, 0.9672, 0.9590, 0.9508, 0.9426, 0.9180, 0.9098, 0.9016, 0.8934, 0.8852, 0.8443, 0.8361, 0.8279, 0.8115, 0.8033, 0.7459, 0.7049, 0.6803, 0.6721, 0.5656, 0.5574, 0.5410, 0.4918, 0.4754, 0.4672, 0.4590, 0.4262, 0.4098, 0.3770, 0.3607, 0.3525, 0.3443, 0.3197, 0.3033, 0.2951, 0.2541, 0.2459, 0.2213, 0.2049, 0.1557, 0.1475, 0.1393, 0.1148, 0.1066, 0.0984, 0.0902, 0.0820, 0.0738, 0.0574, 0.0492, 0.0410, 0.0328, 0.0246, 0.0164, 0.0082, 0.0000

Asian:
Precision: 0.4195, 0.4207, 0.4220, 0.4232, 0.4244, 0.4257, 0.4269, 0.4282, 0.4307, 0.4320, 0.4332, 0.4345, 0.4358, 0.4371, 0.4411, 0.4424, 0.4438, 0.4520, 0.4548, 0.4591, 0.4606, 0.4679, 0.4695, 0.4725, 0.4771, 0.4787, 0.4803, 0.4834, 0.4899, 0.4932, 0.5000, 0.5017, 0.5034, 0.5069, 0.5177, 0.5214, 0.5233, 0.5252, 0.5489, 0.5509, 0.5530, 0.5573, 0.5681, 0.5771, 0.5840, 0.5863, 0.5887, 0.5911, 0.5935, 0.5959, 0.6083, 0.6109, 0.6134, 0.6160, 0.6186, 0.6266, 0.6293, 0.6320, 0.6348, 0.6376, 0.6489, 0.6518, 0.6547, 0.6577, 0.6667, 0.6697, 0.6728, 0.6759, 0.6791, 0.6822, 0.6854, 0.6887, 0.6919, 0.6952, 0.6986, 0.7019, 0.7053, 0.7087, 0.7122, 0.7157, 0.7192, 0.7228, 0.7264, 0.7300, 0.7337, 0.7374, 0.7411, 0.7449, 0.7487, 0.7526, 0.7565, 0.7604, 0.7644, 0.7684, 0.7725, 0.7766, 0.7807, 0.7849, 0.7892, 0.7935, 0.7978, 0.8022, 0.8066, 0.8111, 0.8156, 0.8202, 0.8249, 0.8295, 0.8343, 0.8391, 0.8439, 0.8488, 0.8538, 0.8588, 0.8639, 0.8690, 0.8743, 0.8795, 0.8848, 0.8902, 0.8957, 0.9012, 0.9068, 0.9125, 0.9182, 0.9241, 0.9299, 0.9419, 0.9481, 0.9542, 0.9605, 0.9669, 0.9733, 0.9799, 0.9932, 1.0000, 1.0000, 1.0000, 1.0000, 1.0000, 1.0000, 1.0000, 1.0000, 1.0000, 1.0000, 1.0000, 1.0000, 1.0000, 1.0000, 1.0000, 1.0000, 1.0000, 1.0000, 1.0000, 1.0000, 1.0000, 1.0000, 1.0000, 1.0000, 1.0000, 1.0000, 1.0000, 1.0000, 1.0000, 1.0000, 1.0000, 1.0000, 1.0000, 1.0000, 1.0000, 1.0000, 1.0000, 1.0000, 1.0000, 1.0000, 1.0000, 1.0000, 1.0000, 1.0000, 1.0000, 1.0000, 1.0000, 1.0000, 1.0000, 1.0000, 1.0000, 1.0000, 1.0000, 1.0000, 1.0000, 1.0000, 1.0000, 1.0000, 1.0000, 1.0000, 1.0000, 1.0000, 1.0000, 1.0000, 1.0000, 1.0000, 1.0000, 1.0000, 1.0000, 1.0000, 1.0000, 1.0000, 1.0000, 1.0000, 1.0000, 1.0000, 1.0000, 1.0000, 1.0000, 1.0000, 1.0000, 1.0000, 1.0000, 1.0000, 1.0000, 1.0000, 1.0000, 1.0000, 1.0000, 1.0000, 1.0000, 1.0000, 1.0000, 1.0000, 1.0000, 1.0000, 1.0000, 1.0000, 1.0000, 1.0000, 1.0000, 1.0000, 1.0000, 1.0000, 1.0000, 1.0000, 1.0000, 1.0000, 1.0000, 1.0000, 1.0000, 1.0000, 1.0000, 1.0000, 1.0000, 1.0000, 1.0000, 1.0000, 1.0000, 1.0000, 1.0000, 1.0000, 1.0000, 1.0000, 1.0000, 1.0000, 1.0000, 1.0000, 1.0000, 1.0000, 1.0000, 1.0000, 1.0000, 1.0000, 1.0000, 1.0000, 1.0000
Recall: 1.0000, 1.0000, 1.0000, 1.0000, 1.0000, 1.0000, 1.0000, 1.0000, 1.0000, 1.0000, 1.0000, 1.0000, 1.0000, 1.0000, 1.0000, 1.0000, 1.0000, 1.0000, 1.0000, 1.0000, 1.0000, 1.0000, 1.0000, 1.0000, 1.0000, 1.0000, 1.0000, 1.0000, 1.0000, 1.0000, 1.0000, 1.0000, 1.0000, 1.0000, 1.0000, 1.0000, 1.0000, 1.0000, 1.0000, 1.0000, 1.0000, 1.0000, 1.0000, 1.0000, 1.0000, 1.0000, 1.0000, 1.0000, 1.0000, 1.0000, 1.0000, 1.0000, 1.0000, 1.0000, 1.0000, 1.0000, 1.0000, 1.0000, 1.0000, 1.0000, 1.0000, 1.0000, 1.0000, 1.0000, 1.0000, 1.0000, 1.0000, 1.0000, 1.0000, 1.0000, 1.0000, 1.0000, 1.0000, 1.0000, 1.0000, 1.0000, 1.0000, 1.0000, 1.0000, 1.0000, 1.0000, 1.0000, 1.0000, 1.0000, 1.0000, 1.0000, 1.0000, 1.0000, 1.0000, 1.0000, 1.0000, 1.0000, 1.0000, 1.0000, 1.0000, 1.0000, 1.0000, 1.0000, 1.0000, 1.0000, 1.0000, 1.0000, 1.0000, 1.0000, 1.0000, 1.0000, 1.0000, 1.0000, 1.0000, 1.0000, 1.0000, 1.0000, 1.0000, 1.0000, 1.0000, 1.0000, 1.0000, 1.0000, 1.0000, 1.0000, 1.0000, 1.0000, 1.0000, 1.0000, 1.0000, 1.0000, 1.0000, 1.0000, 1.0000, 1.0000, 1.0000, 1.0000, 1.0000, 1.0000, 1.0000, 1.0000, 0.9932, 0.9863, 0.9795, 0.9726, 0.9658, 0.9589, 0.9521, 0.9452, 0.9384, 0.9315, 0.9247, 0.9178, 0.8904, 0.8836, 0.8767, 0.8699, 0.8630, 0.8562, 0.8493, 0.8425, 0.8356, 0.8288, 0.8219, 0.8151, 0.8082, 0.8014, 0.7945, 0.7877, 0.7808, 0.7740, 0.7671, 0.7603, 0.7534, 0.7466, 0.7397, 0.7329, 0.7260, 0.7192, 0.7123, 0.7055, 0.6986, 0.6918, 0.6849, 0.6781, 0.6712, 0.6644, 0.6575, 0.6507, 0.6438, 0.6370, 0.6301, 0.6233, 0.6096, 0.6027, 0.5959, 0.5890, 0.5822, 0.5753, 0.5685, 0.5616, 0.5548, 0.5479, 0.5411, 0.5342, 0.5274, 0.5205, 0.5137, 0.5068, 0.5000, 0.4932, 0.4863, 0.4795, 0.4658, 0.4589, 0.4521, 0.4452, 0.4384, 0.4315, 0.4247, 0.4178, 0.4110, 0.4041, 0.3973, 0.3904, 0.3836, 0.3767, 0.3699, 0.3630, 0.3562, 0.3493, 0.3425, 0.3356, 0.3288, 0.3219, 0.3151, 0.3082, 0.3014, 0.2945, 0.2877, 0.2808, 0.2740, 0.2671, 0.2603, 0.2534, 0.2466, 0.2397, 0.2329, 0.2260, 0.2192, 0.2055, 0.1986, 0.1849, 0.1712, 0.1644, 0.1575, 0.1507, 0.1438, 0.1370, 0.1301, 0.1233, 0.1164, 0.1096, 0.1027, 0.0959, 0.0890, 0.0822, 0.0753, 0.0685, 0.0616, 0.0548, 0.0479, 0.0411, 0.0342, 0.0274, 0.0137, 0.0000

