AUC Values
==========

100.csv:
--------
European:
Precision: 0.2060, 0.2091, 0.2097, 0.2104, 0.2110, 0.2117, 0.2123, 0.2130, 0.2136, 0.2143, 0.2150, 0.2156, 0.2163, 0.2170, 0.2177, 0.2184, 0.2190, 0.2197, 0.2204, 0.2212, 0.2219, 0.2226, 0.2233, 0.2240, 0.2248, 0.2255, 0.2262, 0.2270, 0.2277, 0.2285, 0.2292, 0.2300, 0.2308, 0.2315, 0.2323, 0.2331, 0.2339, 0.2347, 0.2355, 0.2363, 0.2371, 0.2379, 0.2388, 0.2396, 0.2404, 0.2413, 0.2421, 0.2430, 0.2438, 0.2447, 0.2456, 0.2464, 0.2473, 0.2482, 0.2491, 0.2500, 0.2509, 0.2518, 0.2527, 0.2537, 0.2546, 0.2556, 0.2565, 0.2575, 0.2584, 0.2594, 0.2604, 0.2614, 0.2624, 0.2634, 0.2644, 0.2654, 0.2664, 0.2674, 0.2685, 0.2695, 0.2706, 0.2717, 0.2782, 0.2794, 0.2805, 0.2816, 0.2828, 0.2840, 0.2851, 0.2863, 0.2875, 0.2887, 0.2899, 0.2911, 0.2924, 0.2936, 0.2949, 0.2961, 0.2974, 0.2987, 0.3000, 0.3013, 0.3026, 0.3040, 0.3053, 0.3067, 0.3080, 0.3094, 0.3108, 0.3122, 0.3136, 0.3105, 0.3134, 0.3148, 0.3163, 0.3178, 0.3192, 0.3208, 0.3223, 0.3238, 0.3254, 0.3269, 0.3285, 0.3301, 0.3317, 0.3333, 0.3350, 0.3366, 0.3383, 0.3400, 0.3417, 0.3434, 0.3452, 0.3469, 0.3487, 0.3505, 0.3523, 0.3542, 0.3560, 0.3579, 0.3598, 0.3617, 0.3636, 0.3656, 0.3676, 0.3696, 0.3716, 0.3736, 0.3757, 0.3778, 0.3799, 0.3820, 0.3842, 0.3864, 0.3886, 0.3908, 0.3931, 0.3953, 0.3977, 0.4000, 0.4024, 0.4048, 0.4072, 0.4096, 0.4121, 0.4146, 0.4172, 0.4198, 0.4224, 0.4250, 0.4277, 0.4304, 0.4331, 0.4359, 0.4387, 0.4416, 0.4444, 0.4474, 0.4503, 0.4533, 0.4564, 0.4595, 0.4626, 0.4658, 0.4690, 0.4722, 0.4755, 0.4789, 0.4823, 0.4857, 0.4892, 0.4928, 0.4964, 0.5000, 0.5037, 0.5152, 0.5191, 0.5231, 0.5271, 0.5312, 0.5354, 0.5397, 0.5440, 0.5484, 0.5528, 0.5492, 0.5537, 0.5583, 0.5630, 0.5678, 0.5726, 0.5690, 0.5739, 0.5789, 0.5841, 0.5893, 0.5946, 0.6000, 0.6055, 0.6111, 0.6168, 0.6226, 0.6286, 0.6346, 0.6408, 0.6471, 0.6535, 0.6500, 0.6465, 0.6429, 0.6392, 0.6458, 0.6526, 0.6596, 0.6667, 0.6630, 0.6703, 0.6778, 0.6854, 0.6818, 0.6897, 0.6977, 0.7059, 0.7143, 0.7229, 0.7195, 0.7160, 0.7125, 0.7215, 0.7179, 0.7273, 0.7368, 0.7333, 0.7432, 0.7534, 0.7500, 0.7606, 0.7571, 0.7536, 0.7500, 0.7612, 0.7727, 0.7692, 0.7656, 0.7619, 0.7581, 0.7541, 0.7500, 0.7627, 0.7759, 0.7719, 0.7679, 0.7818, 0.7778, 0.7925, 0.7885, 0.7843, 0.7800, 0.7755, 0.7708, 0.7872, 0.7826, 0.8000, 0.8182, 0.8140, 0.8095, 0.8293, 0.8500, 0.8462, 0.8421, 0.8378, 0.8333, 0.8571, 0.8529, 0.8485, 0.8438, 0.8387, 0.8333, 0.8621, 0.8571, 0.8519, 0.8462, 0.8800, 0.8750, 0.8696, 0.8636, 0.9048, 0.9000, 0.8947, 0.8889, 0.8824, 0.8750, 0.8667, 0.8571, 0.8333, 0.8182, 0.8000, 0.7778, 0.8750, 0.8571, 0.8333, 0.8000, 1.0000, 1.0000, 1.0000, 1.0000, 1.0000
Recall: 1.0000, 1.0000, 1.0000, 1.0000, 1.0000, 1.0000, 1.0000, 1.0000, 1.0000, 1.0000, 1.0000, 1.0000, 1.0000, 1.0000, 1.0000, 1.0000, 1.0000, 1.0000, 1.0000, 1.0000, 1.0000, 1.0000, 1.0000, 1.0000, 1.0000, 1.0000, 1.0000, 1.0000, 1.0000, 1.0000, 1.0000, 1.0000, 1.0000, 1.0000, 1.0000, 1.0000, 1.0000, 1.0000, 1.0000, 1.0000, 1.0000, 1.0000, 1.0000, 1.0000, 1.0000, 1.0000, 1.0000, 1.0000, 1.0000, 1.0000, 1.0000, 1.0000, 1.0000, 1.0000, 1.0000, 1.0000, 1.0000, 1.0000, 1.0000, 1.0000, 1.0000, 1.0000, 1.0000, 1.0000, 1.0000, 1.0000, 1.0000, 1.0000, 1.0000, 1.0000, 1.0000, 1.0000, 1.0000, 1.0000, 1.0000, 1.0000, 1.0000, 1.0000, 1.0000, 1.0000, 1.0000, 1.0000, 1.0000, 1.0000, 1.0000, 1.0000, 1.0000, 1.0000, 1.0000, 1.0000, 1.0000, 1.0000, 1.0000, 1.0000, 1.0000, 1.0000, 1.0000, 1.0000, 1.0000, 1.0000, 1.0000, 1.0000, 1.0000, 1.0000, 1.0000, 1.0000, 1.0000, 0.9855, 0.9855, 0.9855, 0.9855, 0.9855, 0.9855, 0.9855, 0.9855, 0.9855, 0.9855, 0.9855, 0.9855, 0.9855, 0.9855, 0.9855, 0.9855, 0.9855, 0.9855, 0.9855, 0.9855, 0.9855, 0.9855, 0.9855, 0.9855, 0.9855, 0.9855, 0.9855, 0.9855, 0.9855, 0.9855, 0.9855, 0.9855, 0.9855, 0.9855, 0.9855, 0.9855, 0.9855, 0.9855, 0.9855, 0.9855, 0.9855, 0.9855, 0.9855, 0.9855, 0.9855, 0.9855, 0.9855, 0.9855, 0.9855, 0.9855, 0.9855, 0.9855, 0.9855, 0.9855, 0.9855, 0.9855, 0.9855, 0.9855, 0.9855, 0.9855, 0.9855, 0.9855, 0.9855, 0.9855, 0.9855, 0.9855, 0.9855, 0.9855, 0.9855, 0.9855, 0.9855, 0.9855, 0.9855, 0.9855, 0.9855, 0.9855, 0.9855, 0.9855, 0.9855, 0.9855, 0.9855, 0.9855, 0.9855, 0.9855, 0.9855, 0.9855, 0.9855, 0.9855, 0.9855, 0.9855, 0.9855, 0.9855, 0.9855, 0.9855, 0.9710, 0.9710, 0.9710, 0.9710, 0.9710, 0.9710, 0.9565, 0.9565, 0.9565, 0.9565, 0.9565, 0.9565, 0.9565, 0.9565, 0.9565, 0.9565, 0.9565, 0.9565, 0.9565, 0.9565, 0.9565, 0.9565, 0.9420, 0.9275, 0.9130, 0.8986, 0.8986, 0.8986, 0.8986, 0.8986, 0.8841, 0.8841, 0.8841, 0.8841, 0.8696, 0.8696, 0.8696, 0.8696, 0.8696, 0.8696, 0.8551, 0.8406, 0.8261, 0.8261, 0.8116, 0.8116, 0.8116, 0.7971, 0.7971, 0.7971, 0.7826, 0.7826, 0.7681, 0.7536, 0.7391, 0.7391, 0.7391, 0.7246, 0.7101, 0.6957, 0.6812, 0.6667, 0.6522, 0.6522, 0.6522, 0.6377, 0.6232, 0.6232, 0.6087, 0.6087, 0.5942, 0.5797, 0.5652, 0.5507, 0.5362, 0.5362, 0.5217, 0.5217, 0.5217, 0.5072, 0.4928, 0.4928, 0.4928, 0.4783, 0.4638, 0.4493, 0.4348, 0.4348, 0.4203, 0.4058, 0.3913, 0.3768, 0.3623, 0.3623, 0.3478, 0.3333, 0.3188, 0.3188, 0.3043, 0.2899, 0.2754, 0.2754, 0.2609, 0.2464, 0.2319, 0.2174, 0.2029, 0.1884, 0.1739, 0.1449, 0.1304, 0.1159, 0.1014, 0.1014, 0.0870, 0.0725, 0.0580, 0.0580, 0.0435, 0.0290, 0.0145, 0.0000

African:
Precision: 0.3284, 0.3293, 0.3303, 0.3313, 0.3323, 0.3333, 0.3343, 0.3354, 0.3364, 0.3374, 0.3385, 0.3406, 0.3416, 0.3427, 0.3438, 0.3448, 0.3459, 0.3470, 0.3481, 0.3492, 0.3503, 0.3514, 0.3526, 0.3537, 0.3607, 0.3618, 0.3630, 0.3642, 0.3654, 0.3667, 0.3679, 0.3691, 0.3704, 0.3716, 0.3729, 0.3741, 0.3754, 0.3767, 0.3780, 0.3793, 0.3806, 0.3819, 0.3833, 0.3846, 0.3860, 0.3873, 0.3887, 0.3901, 0.3915, 0.3929, 0.3907, 0.3885, 0.3899, 0.3913, 0.3927, 0.3942, 0.3956, 0.3971, 0.3985, 0.4000, 0.4015, 0.4030, 0.4045, 0.4060, 0.4075, 0.4091, 0.4106, 0.4122, 0.4138, 0.4154, 0.4170, 0.4186, 0.4202, 0.4219, 0.4235, 0.4252, 0.4269, 0.4286, 0.4303, 0.4320, 0.4337, 0.4355, 0.4372, 0.4390, 0.4408, 0.4426, 0.4444, 0.4463, 0.4481, 0.4500, 0.4519, 0.4538, 0.4557, 0.4576, 0.4596, 0.4615, 0.4635, 0.4655, 0.4675, 0.4696, 0.4716, 0.4737, 0.4758, 0.4779, 0.4821, 0.4843, 0.4865, 0.4887, 0.4909, 0.4932, 0.4954, 0.4977, 0.5000, 0.5023, 0.5047, 0.5070, 0.5094, 0.5118, 0.5143, 0.5167, 0.5192, 0.5217, 0.5243, 0.5268, 0.5294, 0.5320, 0.5347, 0.5373, 0.5400, 0.5427, 0.5455, 0.5482, 0.5510, 0.5538, 0.5567, 0.5596, 0.5625, 0.5654, 0.5684, 0.5714, 0.5745, 0.5775, 0.5806, 0.5838, 0.5870, 0.5902, 0.5934, 0.5967, 0.6000, 0.6034, 0.6067, 0.6102, 0.6136, 0.6171, 0.6207, 0.6243, 0.6279, 0.6316, 0.6353, 0.6391, 0.6429, 0.6467, 0.6506, 0.6545, 0.6585, 0.6626, 0.6667, 0.6708, 0.6750, 0.6879, 0.6923, 0.6968, 0.7013, 0.7059, 0.7105, 0.7152, 0.7200, 0.7248, 0.7297, 0.7347, 0.7397, 0.7448, 0.7500, 0.7552, 0.7606, 0.7660, 0.7714, 0.7770, 0.7826, 0.7883, 0.7941, 0.8000, 0.8060, 0.8120, 0.8182, 0.8244, 0.8308, 0.8372, 0.8438, 0.8504, 0.8571, 0.8640, 0.8629, 0.8699, 0.8770, 0.8843, 0.8917, 0.8992, 0.9068, 0.9145, 0.9224, 0.9304, 0.9298, 0.9381, 0.9375, 0.9459, 0.9545, 0.9633, 0.9630, 0.9720, 0.9811, 0.9905, 0.9904, 0.9903, 1.0000, 1.0000, 1.0000, 1.0000, 1.0000, 1.0000, 1.0000, 1.0000, 1.0000, 1.0000, 1.0000, 1.0000, 1.0000, 1.0000, 1.0000, 1.0000, 1.0000, 1.0000, 1.0000, 1.0000, 1.0000, 1.0000, 1.0000, 1.0000, 1.0000, 1.0000, 1.0000, 1.0000, 1.0000, 1.0000, 1.0000, 1.0000, 1.0000, 1.0000, 1.0000, 1.0000, 1.0000, 1.0000, 1.0000, 1.0000, 1.0000, 1.0000, 1.0000, 1.0000, 1.0000, 1.0000, 1.0000, 1.0000, 1.0000, 1.0000, 1.0000, 1.0000, 1.0000, 1.0000, 1.0000, 1.0000, 1.0000, 1.0000, 1.0000, 1.0000, 1.0000, 1.0000, 1.0000, 1.0000, 1.0000, 1.0000, 1.0000, 1.0000, 1.0000, 1.0000, 1.0000, 1.0000, 1.0000, 1.0000, 1.0000, 1.0000, 1.0000, 1.0000, 1.0000, 1.0000, 1.0000, 1.0000, 1.0000, 1.0000, 1.0000, 1.0000, 1.0000, 1.0000, 1.0000, 1.0000, 1.0000, 1.0000, 1.0000, 1.0000, 1.0000, 1.0000, 1.0000, 1.0000, 1.0000
Recall: 1.0000, 1.0000, 1.0000, 1.0000, 1.0000, 1.0000, 1.0000, 1.0000, 1.0000, 1.0000, 1.0000, 1.0000, 1.0000, 1.0000, 1.0000, 1.0000, 1.0000, 1.0000, 1.0000, 1.0000, 1.0000, 1.0000, 1.0000, 1.0000, 1.0000, 1.0000, 1.0000, 1.0000, 1.0000, 1.0000, 1.0000, 1.0000, 1.0000, 1.0000, 1.0000, 1.0000, 1.0000, 1.0000, 1.0000, 1.0000, 1.0000, 1.0000, 1.0000, 1.0000, 1.0000, 1.0000, 1.0000, 1.0000, 1.0000, 1.0000, 0.9909, 0.9818, 0.9818, 0.9818, 0.9818, 0.9818, 0.9818, 0.9818, 0.9818, 0.9818, 0.9818, 0.9818, 0.9818, 0.9818, 0.9818, 0.9818, 0.9818, 0.9818, 0.9818, 0.9818, 0.9818, 0.9818, 0.9818, 0.9818, 0.9818, 0.9818, 0.9818, 0.9818, 0.9818, 0.9818, 0.9818, 0.9818, 0.9818, 0.9818, 0.9818, 0.9818, 0.9818, 0.9818, 0.9818, 0.9818, 0.9818, 0.9818, 0.9818, 0.9818, 0.9818, 0.9818, 0.9818, 0.9818, 0.9818, 0.9818, 0.9818, 0.9818, 0.9818, 0.9818, 0.9818, 0.9818, 0.9818, 0.9818, 0.9818, 0.9818, 0.9818, 0.9818, 0.9818, 0.9818, 0.9818, 0.9818, 0.9818, 0.9818, 0.9818, 0.9818, 0.9818, 0.9818, 0.9818, 0.9818, 0.9818, 0.9818, 0.9818, 0.9818, 0.9818, 0.9818, 0.9818, 0.9818, 0.9818, 0.9818, 0.9818, 0.9818, 0.9818, 0.9818, 0.9818, 0.9818, 0.9818, 0.9818, 0.9818, 0.9818, 0.9818, 0.9818, 0.9818, 0.9818, 0.9818, 0.9818, 0.9818, 0.9818, 0.9818, 0.9818, 0.9818, 0.9818, 0.9818, 0.9818, 0.9818, 0.9818, 0.9818, 0.9818, 0.9818, 0.9818, 0.9818, 0.9818, 0.9818, 0.9818, 0.9818, 0.9818, 0.9818, 0.9818, 0.9818, 0.9818, 0.9818, 0.9818, 0.9818, 0.9818, 0.9818, 0.9818, 0.9818, 0.9818, 0.9818, 0.9818, 0.9818, 0.9818, 0.9818, 0.9818, 0.9818, 0.9818, 0.9818, 0.9818, 0.9818, 0.9818, 0.9818, 0.9818, 0.9818, 0.9818, 0.9818, 0.9818, 0.9818, 0.9818, 0.9727, 0.9727, 0.9727, 0.9727, 0.9727, 0.9727, 0.9727, 0.9727, 0.9727, 0.9727, 0.9636, 0.9636, 0.9545, 0.9545, 0.9545, 0.9545, 0.9455, 0.9455, 0.9455, 0.9455, 0.9364, 0.9273, 0.9273, 0.9182, 0.9091, 0.9000, 0.8909, 0.8818, 0.8727, 0.8636, 0.8545, 0.8455, 0.8364, 0.8273, 0.8182, 0.8091, 0.8000, 0.7909, 0.7818, 0.7727, 0.7636, 0.7545, 0.7455, 0.7364, 0.7273, 0.7182, 0.7091, 0.7000, 0.6909, 0.6818, 0.6727, 0.6636, 0.6545, 0.6455, 0.6364, 0.6273, 0.6182, 0.6091, 0.6000, 0.5909, 0.5818, 0.5727, 0.5636, 0.5545, 0.5455, 0.5364, 0.5273, 0.5182, 0.5091, 0.5000, 0.4909, 0.4818, 0.4727, 0.4636, 0.4545, 0.4455, 0.4364, 0.4273, 0.4182, 0.4091, 0.4000, 0.3909, 0.3818, 0.3727, 0.3636, 0.3545, 0.3455, 0.3364, 0.3273, 0.3182, 0.3091, 0.3000, 0.2909, 0.2818, 0.2727, 0.2636, 0.2545, 0.2455, 0.2364, 0.2273, 0.2182, 0.2091, 0.2000, 0.1909, 0.1818, 0.1727, 0.1636, 0.1545, 0.1455, 0.1364, 0.1273, 0.1182, 0.1091, 0.1000, 0.0909, 0.0818, 0.0727, 0.0636, 0.0545, 0.0455, 0.0000

Asian:
Precision: 0.4657, 0.4727, 0.4742, 0.4756, 0.4771, 0.4785, 0.4800, 0.4815, 0.4830, 0.4845, 0.4860, 0.4875, 0.4890, 0.4906, 0.4921, 0.4937, 0.4952, 0.4968, 0.4984, 0.5000, 0.5016, 0.5032, 0.5049, 0.5065, 0.5081, 0.5098, 0.5115, 0.5132, 0.5149, 0.5166, 0.5183, 0.5200, 0.5217, 0.5235, 0.5253, 0.5270, 0.5288, 0.5306, 0.5324, 0.5342, 0.5361, 0.5379, 0.5398, 0.5417, 0.5436, 0.5455, 0.5474, 0.5493, 0.5512, 0.5532, 0.5552, 0.5571, 0.5591, 0.5612, 0.5632, 0.5652, 0.5673, 0.5693, 0.5714, 0.5699, 0.5720, 0.5741, 0.5762, 0.5784, 0.5805, 0.5827, 0.5849, 0.5871, 0.5856, 0.5878, 0.5900, 0.5923, 0.5946, 0.5969, 0.6016, 0.6039, 0.6063, 0.6087, 0.6111, 0.6135, 0.6160, 0.6185, 0.6210, 0.6235, 0.6260, 0.6286, 0.6311, 0.6337, 0.6364, 0.6390, 0.6417, 0.6444, 0.6471, 0.6498, 0.6525, 0.6511, 0.6538, 0.6567, 0.6595, 0.6623, 0.6652, 0.6681, 0.6711, 0.6740, 0.6770, 0.6800, 0.6786, 0.6816, 0.6847, 0.6878, 0.6909, 0.6941, 0.6972, 0.7005, 0.7037, 0.7023, 0.7056, 0.7089, 0.7123, 0.7156, 0.7143, 0.7177, 0.7212, 0.7246, 0.7282, 0.7317, 0.7353, 0.7389, 0.7426, 0.7463, 0.7500, 0.7538, 0.7576, 0.7614, 0.7602, 0.7590, 0.7629, 0.7668, 0.7708, 0.7749, 0.7737, 0.7778, 0.7766, 0.7754, 0.7796, 0.7838, 0.7880, 0.7923, 0.7967, 0.8011, 0.8056, 0.8101, 0.8146, 0.8136, 0.8182, 0.8229, 0.8218, 0.8266, 0.8314, 0.8304, 0.8353, 0.8402, 0.8452, 0.8503, 0.8554, 0.8606, 0.8659, 0.8712, 0.8765, 0.8758, 0.8750, 0.8805, 0.8861, 0.8854, 0.8910, 0.8968, 0.8961, 0.9020, 0.9013, 0.9007, 0.9067, 0.9060, 0.9054, 0.9116, 0.9178, 0.9172, 0.9236, 0.9301, 0.9366, 0.9433, 0.9429, 0.9424, 0.9420, 0.9416, 0.9412, 0.9407, 0.9478, 0.9549, 0.9545, 0.9542, 0.9538, 0.9535, 0.9531, 0.9528, 0.9603, 0.9680, 0.9758, 0.9837, 0.9836, 0.9835, 0.9833, 0.9832, 0.9831, 0.9829, 0.9828, 0.9826, 0.9825, 0.9823, 0.9821, 0.9820, 0.9818, 0.9817, 0.9815, 0.9813, 0.9811, 0.9810, 0.9808, 0.9806, 0.9804, 0.9901, 0.9900, 0.9899, 0.9898, 0.9897, 0.9896, 0.9895, 0.9894, 0.9892, 0.9891, 0.9888, 0.9886, 0.9885, 0.9884, 0.9882, 0.9881, 0.9880, 0.9878, 0.9877, 0.9875, 0.9873, 0.9872, 0.9870, 0.9868, 0.9867, 0.9865, 0.9863, 0.9861, 0.9859, 0.9857, 0.9855, 0.9853, 0.9851, 0.9848, 0.9846, 0.9844, 0.9841, 0.9839, 0.9836, 0.9833, 0.9831, 0.9828, 0.9825, 0.9821, 0.9818, 0.9815, 0.9811, 0.9808, 0.9804, 0.9800, 0.9796, 0.9792, 0.9787, 0.9783, 0.9778, 0.9773, 0.9767, 0.9762, 0.9756, 0.9750, 0.9744, 0.9737, 0.9730, 0.9722, 0.9714, 0.9706, 1.0000, 1.0000, 1.0000, 1.0000, 1.0000, 1.0000, 1.0000, 1.0000, 1.0000, 1.0000, 1.0000, 1.0000, 1.0000, 1.0000, 1.0000, 1.0000, 1.0000, 1.0000, 1.0000, 1.0000, 1.0000, 1.0000, 1.0000, 1.0000, 1.0000, 1.0000, 1.0000, 1.0000
Recall: 1.0000, 1.0000, 1.0000, 1.0000, 1.0000, 1.0000, 1.0000, 1.0000, 1.0000, 1.0000, 1.0000, 1.0000, 1.0000, 1.0000, 1.0000, 1.0000, 1.0000, 1.0000, 1.0000, 1.0000, 1.0000, 1.0000, 1.0000, 1.0000, 1.0000, 1.0000, 1.0000, 1.0000, 1.0000, 1.0000, 1.0000, 1.0000, 1.0000, 1.0000, 1.0000, 1.0000, 1.0000, 1.0000, 1.0000, 1.0000, 1.0000, 1.0000, 1.0000, 1.0000, 1.0000, 1.0000, 1.0000, 1.0000, 1.0000, 1.0000, 1.0000, 1.0000, 1.0000, 1.0000, 1.0000, 1.0000, 1.0000, 1.0000, 1.0000, 0.9936, 0.9936, 0.9936, 0.9936, 0.9936, 0.9936, 0.9936, 0.9936, 0.9936, 0.9872, 0.9872, 0.9872, 0.9872, 0.9872, 0.9872, 0.9872, 0.9872, 0.9872, 0.9872, 0.9872, 0.9872, 0.9872, 0.9872, 0.9872, 0.9872, 0.9872, 0.9872, 0.9872, 0.9872, 0.9872, 0.9872, 0.9872, 0.9872, 0.9872, 0.9872, 0.9872, 0.9808, 0.9808, 0.9808, 0.9808, 0.9808, 0.9808, 0.9808, 0.9808, 0.9808, 0.9808, 0.9808, 0.9744, 0.9744, 0.9744, 0.9744, 0.9744, 0.9744, 0.9744, 0.9744, 0.9744, 0.9679, 0.9679, 0.9679, 0.9679, 0.9679, 0.9615, 0.9615, 0.9615, 0.9615, 0.9615, 0.9615, 0.9615, 0.9615, 0.9615, 0.9615, 0.9615, 0.9615, 0.9615, 0.9615, 0.9551, 0.9487, 0.9487, 0.9487, 0.9487, 0.9487, 0.9423, 0.9423, 0.9359, 0.9295, 0.9295, 0.9295, 0.9295, 0.9295, 0.9295, 0.9295, 0.9295, 0.9295, 0.9295, 0.9231, 0.9231, 0.9231, 0.9167, 0.9167, 0.9167, 0.9103, 0.9103, 0.9103, 0.9103, 0.9103, 0.9103, 0.9103, 0.9103, 0.9103, 0.9103, 0.9038, 0.8974, 0.8974, 0.8974, 0.8910, 0.8910, 0.8910, 0.8846, 0.8846, 0.8782, 0.8718, 0.8718, 0.8654, 0.8590, 0.8590, 0.8590, 0.8526, 0.8526, 0.8526, 0.8526, 0.8526, 0.8462, 0.8397, 0.8333, 0.8269, 0.8205, 0.8141, 0.8141, 0.8141, 0.8077, 0.8013, 0.7949, 0.7885, 0.7821, 0.7756, 0.7756, 0.7756, 0.7756, 0.7756, 0.7692, 0.7628, 0.7564, 0.7500, 0.7436, 0.7372, 0.7308, 0.7244, 0.7179, 0.7115, 0.7051, 0.6987, 0.6923, 0.6859, 0.6795, 0.6731, 0.6667, 0.6603, 0.6538, 0.6474, 0.6410, 0.6410, 0.6346, 0.6282, 0.6218, 0.6154, 0.6090, 0.6026, 0.5962, 0.5897, 0.5833, 0.5641, 0.5577, 0.5513, 0.5449, 0.5385, 0.5321, 0.5256, 0.5192, 0.5128, 0.5064, 0.5000, 0.4936, 0.4872, 0.4808, 0.4744, 0.4679, 0.4615, 0.4551, 0.4487, 0.4423, 0.4359, 0.4295, 0.4231, 0.4167, 0.4103, 0.4038, 0.3974, 0.3910, 0.3846, 0.3782, 0.3718, 0.3654, 0.3590, 0.3526, 0.3462, 0.3397, 0.3333, 0.3269, 0.3205, 0.3141, 0.3077, 0.3013, 0.2949, 0.2885, 0.2821, 0.2756, 0.2692, 0.2628, 0.2564, 0.2500, 0.2436, 0.2372, 0.2308, 0.2244, 0.2179, 0.2115, 0.2115, 0.2051, 0.1987, 0.1923, 0.1859, 0.1795, 0.1731, 0.1667, 0.1538, 0.1474, 0.1410, 0.1346, 0.1282, 0.1218, 0.1154, 0.1090, 0.1026, 0.0962, 0.0897, 0.0833, 0.0769, 0.0705, 0.0641, 0.0577, 0.0513, 0.0449, 0.0385, 0.0000


10K.csv:
--------
European:
Precision: 0.2060, 0.2078, 0.2085, 0.2091, 0.2097, 0.2104, 0.2110, 0.2117, 0.2123, 0.2130, 0.2136, 0.2156, 0.2170, 0.2177, 0.2184, 0.2190, 0.2197, 0.2219, 0.2240, 0.2248, 0.2255, 0.2262, 0.2277, 0.2300, 0.2308, 0.2315, 0.2331, 0.2339, 0.2347, 0.2379, 0.2388, 0.2421, 0.2438, 0.2447, 0.2464, 0.2482, 0.2509, 0.2518, 0.2546, 0.2556, 0.2575, 0.2604, 0.2614, 0.2624, 0.2634, 0.2644, 0.2654, 0.2695, 0.2706, 0.2738, 0.2749, 0.2760, 0.2771, 0.2782, 0.2794, 0.2816, 0.2828, 0.2840, 0.2851, 0.2863, 0.2875, 0.2887, 0.2899, 0.2911, 0.2924, 0.2936, 0.2949, 0.2961, 0.2974, 0.2987, 0.3000, 0.3013, 0.3026, 0.3040, 0.3067, 0.3080, 0.3094, 0.3108, 0.3122, 0.3136, 0.3151, 0.3165, 0.3180, 0.3194, 0.3209, 0.3224, 0.3239, 0.3255, 0.3270, 0.3286, 0.3301, 0.3317, 0.3333, 0.3350, 0.3366, 0.3382, 0.3399, 0.3416, 0.3433, 0.3450, 0.3467, 0.3485, 0.3503, 0.3520, 0.3538, 0.3557, 0.3575, 0.3594, 0.3613, 0.3632, 0.3651, 0.3670, 0.3690, 0.3710, 0.3730, 0.3750, 0.3770, 0.3791, 0.3812, 0.3833, 0.3855, 0.3876, 0.3898, 0.3920, 0.3943, 0.3966, 0.3988, 0.4012, 0.4035, 0.4059, 0.4083, 0.4107, 0.4132, 0.4157, 0.4182, 0.4207, 0.4233, 0.4286, 0.4313, 0.4340, 0.4367, 0.4395, 0.4423, 0.4452, 0.4481, 0.4510, 0.4539, 0.4570, 0.4600, 0.4631, 0.4662, 0.4694, 0.4726, 0.4759, 0.4792, 0.4825, 0.4859, 0.4894, 0.4929, 0.4964, 0.5000, 0.5036, 0.5074, 0.5111, 0.5149, 0.5188, 0.5227, 0.5267, 0.5308, 0.5349, 0.5391, 0.5433, 0.5476, 0.5520, 0.5565, 0.5610, 0.5656, 0.5702, 0.5750, 0.5798, 0.5847, 0.6000, 0.6053, 0.6106, 0.6161, 0.6216, 0.6273, 0.6330, 0.6389, 0.6449, 0.6509, 0.6571, 0.6635, 0.6699, 0.6765, 0.6832, 0.6900, 0.6970, 0.7041, 0.7113, 0.7188, 0.7263, 0.7340, 0.7419, 0.7500, 0.7582, 0.7667, 0.7753, 0.7841, 0.7931, 0.8023, 0.8118, 0.8214, 0.8313, 0.8415, 0.8519, 0.8625, 0.8734, 0.8846, 0.8961, 0.9079, 0.9200, 0.9324, 0.9452, 0.9583, 0.9718, 0.9857, 1.0000, 1.0000, 1.0000, 1.0000, 1.0000, 1.0000, 1.0000, 1.0000, 1.0000, 1.0000, 1.0000, 1.0000, 1.0000, 1.0000, 1.0000, 1.0000, 1.0000, 1.0000, 1.0000, 1.0000, 1.0000, 1.0000, 1.0000, 1.0000, 1.0000, 1.0000, 1.0000, 1.0000, 1.0000, 1.0000, 1.0000, 1.0000, 1.0000, 1.0000, 1.0000, 1.0000, 1.0000, 1.0000, 1.0000, 1.0000, 1.0000, 1.0000, 1.0000, 1.0000, 1.0000, 1.0000, 1.0000, 1.0000, 1.0000, 1.0000, 1.0000, 1.0000, 1.0000, 1.0000, 1.0000, 1.0000, 1.0000, 1.0000, 1.0000, 1.0000, 1.0000, 1.0000, 1.0000, 1.0000, 1.0000, 1.0000
Recall: 1.0000, 1.0000, 1.0000, 1.0000, 1.0000, 1.0000, 1.0000, 1.0000, 1.0000, 1.0000, 1.0000, 1.0000, 1.0000, 1.0000, 1.0000, 1.0000, 1.0000, 1.0000, 1.0000, 1.0000, 1.0000, 1.0000, 1.0000, 1.0000, 1.0000, 1.0000, 1.0000, 1.0000, 1.0000, 1.0000, 1.0000, 1.0000, 1.0000, 1.0000, 1.0000, 1.0000, 1.0000, 1.0000, 1.0000, 1.0000, 1.0000, 1.0000, 1.0000, 1.0000, 1.0000, 1.0000, 1.0000, 1.0000, 1.0000, 1.0000, 1.0000, 1.0000, 1.0000, 1.0000, 1.0000, 1.0000, 1.0000, 1.0000, 1.0000, 1.0000, 1.0000, 1.0000, 1.0000, 1.0000, 1.0000, 1.0000, 1.0000, 1.0000, 1.0000, 1.0000, 1.0000, 1.0000, 1.0000, 1.0000, 1.0000, 1.0000, 1.0000, 1.0000, 1.0000, 1.0000, 1.0000, 1.0000, 1.0000, 1.0000, 1.0000, 1.0000, 1.0000, 1.0000, 1.0000, 1.0000, 1.0000, 1.0000, 1.0000, 1.0000, 1.0000, 1.0000, 1.0000, 1.0000, 1.0000, 1.0000, 1.0000, 1.0000, 1.0000, 1.0000, 1.0000, 1.0000, 1.0000, 1.0000, 1.0000, 1.0000, 1.0000, 1.0000, 1.0000, 1.0000, 1.0000, 1.0000, 1.0000, 1.0000, 1.0000, 1.0000, 1.0000, 1.0000, 1.0000, 1.0000, 1.0000, 1.0000, 1.0000, 1.0000, 1.0000, 1.0000, 1.0000, 1.0000, 1.0000, 1.0000, 1.0000, 1.0000, 1.0000, 1.0000, 1.0000, 1.0000, 1.0000, 1.0000, 1.0000, 1.0000, 1.0000, 1.0000, 1.0000, 1.0000, 1.0000, 1.0000, 1.0000, 1.0000, 1.0000, 1.0000, 1.0000, 1.0000, 1.0000, 1.0000, 1.0000, 1.0000, 1.0000, 1.0000, 1.0000, 1.0000, 1.0000, 1.0000, 1.0000, 1.0000, 1.0000, 1.0000, 1.0000, 1.0000, 1.0000, 1.0000, 1.0000, 1.0000, 1.0000, 1.0000, 1.0000, 1.0000, 1.0000, 1.0000, 1.0000, 1.0000, 1.0000, 1.0000, 1.0000, 1.0000, 1.0000, 1.0000, 1.0000, 1.0000, 1.0000, 1.0000, 1.0000, 1.0000, 1.0000, 1.0000, 1.0000, 1.0000, 1.0000, 1.0000, 1.0000, 1.0000, 1.0000, 1.0000, 1.0000, 1.0000, 1.0000, 1.0000, 1.0000, 1.0000, 1.0000, 1.0000, 1.0000, 1.0000, 1.0000, 1.0000, 1.0000, 1.0000, 1.0000, 1.0000, 1.0000, 1.0000, 1.0000, 1.0000, 1.0000, 1.0000, 0.9855, 0.9710, 0.9565, 0.9420, 0.9275, 0.9130, 0.8986, 0.8841, 0.8696, 0.8551, 0.8406, 0.8261, 0.8116, 0.7971, 0.7826, 0.7681, 0.7536, 0.7391, 0.7246, 0.7101, 0.6957, 0.6812, 0.6667, 0.6522, 0.6377, 0.6232, 0.6087, 0.5942, 0.5797, 0.5652, 0.5507, 0.5362, 0.5217, 0.5072, 0.4928, 0.4783, 0.4638, 0.4493, 0.4348, 0.4203, 0.4058, 0.3913, 0.3768, 0.3623, 0.3478, 0.3333, 0.3188, 0.3043, 0.2899, 0.2754, 0.2609, 0.2319, 0.2174, 0.2029, 0.1884, 0.1739, 0.1594, 0.1449, 0.1159, 0.1014, 0.0870, 0.0725, 0.0580, 0.0435, 0.0000

African:
Precision: 0.3284, 0.3313, 0.3323, 0.3333, 0.3343, 0.3354, 0.3364, 0.3374, 0.3385, 0.3395, 0.3406, 0.3416, 0.3427, 0.3438, 0.3459, 0.3470, 0.3481, 0.3492, 0.3503, 0.3514, 0.3526, 0.3537, 0.3548, 0.3560, 0.3571, 0.3583, 0.3595, 0.3607, 0.3618, 0.3630, 0.3642, 0.3654, 0.3667, 0.3679, 0.3691, 0.3716, 0.3729, 0.3741, 0.3754, 0.3767, 0.3780, 0.3793, 0.3806, 0.3819, 0.3833, 0.3846, 0.3860, 0.3887, 0.3901, 0.3915, 0.3929, 0.3943, 0.3957, 0.3971, 0.3986, 0.4000, 0.4015, 0.4029, 0.4044, 0.4059, 0.4074, 0.4089, 0.4104, 0.4120, 0.4135, 0.4151, 0.4167, 0.4183, 0.4198, 0.4215, 0.4231, 0.4247, 0.4264, 0.4280, 0.4297, 0.4314, 0.4331, 0.4348, 0.4365, 0.4382, 0.4400, 0.4418, 0.4435, 0.4453, 0.4472, 0.4490, 0.4508, 0.4527, 0.4545, 0.4564, 0.4583, 0.4603, 0.4622, 0.4641, 0.4661, 0.4681, 0.4701, 0.4721, 0.4741, 0.4762, 0.4783, 0.4803, 0.4825, 0.4846, 0.4867, 0.4889, 0.4911, 0.4933, 0.4955, 0.4977, 0.5000, 0.5023, 0.5046, 0.5069, 0.5093, 0.5116, 0.5140, 0.5164, 0.5189, 0.5213, 0.5238, 0.5263, 0.5288, 0.5314, 0.5340, 0.5366, 0.5392, 0.5419, 0.5446, 0.5473, 0.5500, 0.5528, 0.5556, 0.5584, 0.5612, 0.5641, 0.5670, 0.5699, 0.5729, 0.5759, 0.5789, 0.5820, 0.5851, 0.5882, 0.5914, 0.5946, 0.5978, 0.6011, 0.6044, 0.6077, 0.6111, 0.6145, 0.6180, 0.6215, 0.6250, 0.6286, 0.6322, 0.6358, 0.6395, 0.6433, 0.6471, 0.6509, 0.6548, 0.6587, 0.6627, 0.6667, 0.6707, 0.6748, 0.6790, 0.6832, 0.6875, 0.6918, 0.6962, 0.7006, 0.7051, 0.7097, 0.7143, 0.7190, 0.7237, 0.7285, 0.7333, 0.7383, 0.7432, 0.7483, 0.7534, 0.7586, 0.7692, 0.7746, 0.7801, 0.7857, 0.7914, 0.7971, 0.8029, 0.8088, 0.8148, 0.8209, 0.8271, 0.8333, 0.8397, 0.8462, 0.8527, 0.8594, 0.8661, 0.8730, 0.8800, 0.8871, 0.8943, 0.9016, 0.9091, 0.9167, 0.9244, 0.9322, 0.9402, 0.9483, 0.9565, 0.9649, 0.9735, 1.0000, 1.0000, 1.0000, 1.0000, 1.0000, 1.0000, 1.0000, 1.0000, 1.0000, 1.0000, 1.0000, 1.0000, 1.0000, 1.0000, 1.0000, 1.0000, 1.0000, 1.0000, 1.0000, 1.0000, 1.0000, 1.0000, 1.0000, 1.0000, 1.0000, 1.0000, 1.0000, 1.0000, 1.0000, 1.0000, 1.0000, 1.0000, 1.0000, 1.0000, 1.0000, 1.0000, 1.0000, 1.0000, 1.0000, 1.0000, 1.0000, 1.0000, 1.0000, 1.0000, 1.0000, 1.0000, 1.0000, 1.0000, 1.0000, 1.0000, 1.0000, 1.0000, 1.0000, 1.0000, 1.0000, 1.0000, 1.0000, 1.0000, 1.0000, 1.0000, 1.0000, 1.0000, 1.0000, 1.0000, 1.0000, 1.0000, 1.0000, 1.0000, 1.0000, 1.0000, 1.0000, 1.0000, 1.0000, 1.0000, 1.0000, 1.0000
Recall: 1.0000, 1.0000, 1.0000, 1.0000, 1.0000, 1.0000, 1.0000, 1.0000, 1.0000, 1.0000, 1.0000, 1.0000, 1.0000, 1.0000, 1.0000, 1.0000, 1.0000, 1.0000, 1.0000, 1.0000, 1.0000, 1.0000, 1.0000, 1.0000, 1.0000, 1.0000, 1.0000, 1.0000, 1.0000, 1.0000, 1.0000, 1.0000, 1.0000, 1.0000, 1.0000, 1.0000, 1.0000, 1.0000, 1.0000, 1.0000, 1.0000, 1.0000, 1.0000, 1.0000, 1.0000, 1.0000, 1.0000, 1.0000, 1.0000, 1.0000, 1.0000, 1.0000, 1.0000, 1.0000, 1.0000, 1.0000, 1.0000, 1.0000, 1.0000, 1.0000, 1.0000, 1.0000, 1.0000, 1.0000, 1.0000, 1.0000, 1.0000, 1.0000, 1.0000, 1.0000, 1.0000, 1.0000, 1.0000, 1.0000, 1.0000, 1.0000, 1.0000, 1.0000, 1.0000, 1.0000, 1.0000, 1.0000, 1.0000, 1.0000, 1.0000, 1.0000, 1.0000, 1.0000, 1.0000, 1.0000, 1.0000, 1.0000, 1.0000, 1.0000, 1.0000, 1.0000, 1.0000, 1.0000, 1.0000, 1.0000, 1.0000, 1.0000, 1.0000, 1.0000, 1.0000, 1.0000, 1.0000, 1.0000, 1.0000, 1.0000, 1.0000, 1.0000, 1.0000, 1.0000, 1.0000, 1.0000, 1.0000, 1.0000, 1.0000, 1.0000, 1.0000, 1.0000, 1.0000, 1.0000, 1.0000, 1.0000, 1.0000, 1.0000, 1.0000, 1.0000, 1.0000, 1.0000, 1.0000, 1.0000, 1.0000, 1.0000, 1.0000, 1.0000, 1.0000, 1.0000, 1.0000, 1.0000, 1.0000, 1.0000, 1.0000, 1.0000, 1.0000, 1.0000, 1.0000, 1.0000, 1.0000, 1.0000, 1.0000, 1.0000, 1.0000, 1.0000, 1.0000, 1.0000, 1.0000, 1.0000, 1.0000, 1.0000, 1.0000, 1.0000, 1.0000, 1.0000, 1.0000, 1.0000, 1.0000, 1.0000, 1.0000, 1.0000, 1.0000, 1.0000, 1.0000, 1.0000, 1.0000, 1.0000, 1.0000, 1.0000, 1.0000, 1.0000, 1.0000, 1.0000, 1.0000, 1.0000, 1.0000, 1.0000, 1.0000, 1.0000, 1.0000, 1.0000, 1.0000, 1.0000, 1.0000, 1.0000, 1.0000, 1.0000, 1.0000, 1.0000, 1.0000, 1.0000, 1.0000, 1.0000, 1.0000, 1.0000, 1.0000, 1.0000, 1.0000, 1.0000, 1.0000, 1.0000, 1.0000, 1.0000, 1.0000, 1.0000, 1.0000, 1.0000, 0.9909, 0.9818, 0.9727, 0.9636, 0.9545, 0.9455, 0.9364, 0.9273, 0.9182, 0.9091, 0.9000, 0.8909, 0.8818, 0.8727, 0.8636, 0.8545, 0.8455, 0.8364, 0.8273, 0.8182, 0.8000, 0.7909, 0.7818, 0.7727, 0.7636, 0.7545, 0.7273, 0.7182, 0.6818, 0.6727, 0.6636, 0.6545, 0.6455, 0.6364, 0.6091, 0.5909, 0.5818, 0.5545, 0.5455, 0.5182, 0.5000, 0.4818, 0.4727, 0.4545, 0.4182, 0.4091, 0.3727, 0.3636, 0.3545, 0.3364, 0.3273, 0.3182, 0.2909, 0.2727, 0.2636, 0.2545, 0.2455, 0.2182, 0.1909, 0.1818, 0.1727, 0.1636, 0.1545, 0.1364, 0.1091, 0.1000, 0.0909, 0.0818, 0.0727, 0.0636, 0.0545, 0.0455, 0.0364, 0.0273, 0.0000

Asian:
Precision: 0.4657, 0.4699, 0.4713, 0.4727, 0.4742, 0.4756, 0.4771, 0.4785, 0.4800, 0.4815, 0.4830, 0.4875, 0.4906, 0.4921, 0.4937, 0.4952, 0.4968, 0.5016, 0.5065, 0.5081, 0.5098, 0.5115, 0.5149, 0.5200, 0.5217, 0.5235, 0.5270, 0.5288, 0.5306, 0.5379, 0.5398, 0.5474, 0.5512, 0.5532, 0.5571, 0.5612, 0.5673, 0.5693, 0.5756, 0.5778, 0.5821, 0.5887, 0.5909, 0.5932, 0.5954, 0.5977, 0.6000, 0.6094, 0.6118, 0.6190, 0.6215, 0.6240, 0.6265, 0.6290, 0.6316, 0.6367, 0.6393, 0.6420, 0.6446, 0.6473, 0.6500, 0.6527, 0.6555, 0.6582, 0.6610, 0.6638, 0.6667, 0.6695, 0.6724, 0.6753, 0.6783, 0.6812, 0.6842, 0.6933, 0.6964, 0.6996, 0.7027, 0.7059, 0.7091, 0.7156, 0.7189, 0.7222, 0.7256, 0.7290, 0.7324, 0.7358, 0.7429, 0.7464, 0.7500, 0.7536, 0.7573, 0.7610, 0.7647, 0.7685, 0.7723, 0.7761, 0.7800, 0.7839, 0.7879, 0.7919, 0.7959, 0.8000, 0.8041, 0.8083, 0.8125, 0.8168, 0.8211, 0.8254, 0.8298, 0.8342, 0.8387, 0.8432, 0.8478, 0.8525, 0.8571, 0.8619, 0.8667, 0.8715, 0.8764, 0.8814, 0.8864, 0.8914, 0.8966, 0.9017, 0.9070, 0.9123, 0.9176, 0.9231, 0.9286, 0.9341, 0.9398, 0.9455, 0.9512, 0.9571, 0.9630, 0.9689, 0.9750, 0.9811, 0.9873, 0.9936, 1.0000, 1.0000, 1.0000, 1.0000, 1.0000, 1.0000, 1.0000, 1.0000, 1.0000, 1.0000, 1.0000, 1.0000, 1.0000, 1.0000, 1.0000, 1.0000, 1.0000, 1.0000, 1.0000, 1.0000, 1.0000, 1.0000, 1.0000, 1.0000, 1.0000, 1.0000, 1.0000, 1.0000, 1.0000, 1.0000, 1.0000, 1.0000, 1.0000, 1.0000, 1.0000, 1.0000, 1.0000, 1.0000, 1.0000, 1.0000, 1.0000, 1.0000, 1.0000, 1.0000, 1.0000, 1.0000, 1.0000, 1.0000, 1.0000, 1.0000, 1.0000, 1.0000, 1.0000, 1.0000, 1.0000, 1.0000, 1.0000, 1.0000, 1.0000, 1.0000, 1.0000, 1.0000, 1.0000, 1.0000, 1.0000, 1.0000, 1.0000, 1.0000, 1.0000, 1.0000, 1.0000, 1.0000, 1.0000, 1.0000, 1.0000, 1.0000, 1.0000, 1.0000, 1.0000, 1.0000, 1.0000, 1.0000, 1.0000, 1.0000, 1.0000, 1.0000, 1.0000, 1.0000, 1.0000, 1.0000, 1.0000, 1.0000, 1.0000, 1.0000, 1.0000, 1.0000, 1.0000, 1.0000, 1.0000, 1.0000, 1.0000, 1.0000, 1.0000, 1.0000, 1.0000, 1.0000, 1.0000, 1.0000, 1.0000, 1.0000, 1.0000, 1.0000, 1.0000, 1.0000, 1.0000, 1.0000, 1.0000, 1.0000, 1.0000, 1.0000, 1.0000, 1.0000, 1.0000, 1.0000, 1.0000, 1.0000, 1.0000, 1.0000, 1.0000, 1.0000, 1.0000, 1.0000, 1.0000, 1.0000, 1.0000, 1.0000, 1.0000, 1.0000, 1.0000, 1.0000, 1.0000, 1.0000, 1.0000, 1.0000, 1.0000, 1.0000, 1.0000, 1.0000, 1.0000, 1.0000, 1.0000, 1.0000, 1.0000
Recall: 1.0000, 1.0000, 1.0000, 1.0000, 1.0000, 1.0000, 1.0000, 1.0000, 1.0000, 1.0000, 1.0000, 1.0000, 1.0000, 1.0000, 1.0000, 1.0000, 1.0000, 1.0000, 1.0000, 1.0000, 1.0000, 1.0000, 1.0000, 1.0000, 1.0000, 1.0000, 1.0000, 1.0000, 1.0000, 1.0000, 1.0000, 1.0000, 1.0000, 1.0000, 1.0000, 1.0000, 1.0000, 1.0000, 1.0000, 1.0000, 1.0000, 1.0000, 1.0000, 1.0000, 1.0000, 1.0000, 1.0000, 1.0000, 1.0000, 1.0000, 1.0000, 1.0000, 1.0000, 1.0000, 1.0000, 1.0000, 1.0000, 1.0000, 1.0000, 1.0000, 1.0000, 1.0000, 1.0000, 1.0000, 1.0000, 1.0000, 1.0000, 1.0000, 1.0000, 1.0000, 1.0000, 1.0000, 1.0000, 1.0000, 1.0000, 1.0000, 1.0000, 1.0000, 1.0000, 1.0000, 1.0000, 1.0000, 1.0000, 1.0000, 1.0000, 1.0000, 1.0000, 1.0000, 1.0000, 1.0000, 1.0000, 1.0000, 1.0000, 1.0000, 1.0000, 1.0000, 1.0000, 1.0000, 1.0000, 1.0000, 1.0000, 1.0000, 1.0000, 1.0000, 1.0000, 1.0000, 1.0000, 1.0000, 1.0000, 1.0000, 1.0000, 1.0000, 1.0000, 1.0000, 1.0000, 1.0000, 1.0000, 1.0000, 1.0000, 1.0000, 1.0000, 1.0000, 1.0000, 1.0000, 1.0000, 1.0000, 1.0000, 1.0000, 1.0000, 1.0000, 1.0000, 1.0000, 1.0000, 1.0000, 1.0000, 1.0000, 1.0000, 1.0000, 1.0000, 1.0000, 1.0000, 0.9936, 0.9872, 0.9808, 0.9744, 0.9679, 0.9615, 0.9551, 0.9487, 0.9423, 0.9359, 0.9295, 0.9231, 0.9167, 0.9103, 0.9038, 0.8974, 0.8910, 0.8846, 0.8782, 0.8718, 0.8654, 0.8590, 0.8526, 0.8462, 0.8397, 0.8333, 0.8269, 0.8205, 0.8141, 0.8077, 0.8013, 0.7949, 0.7885, 0.7821, 0.7756, 0.7692, 0.7628, 0.7564, 0.7500, 0.7436, 0.7372, 0.7308, 0.7244, 0.7179, 0.7115, 0.7051, 0.6859, 0.6795, 0.6731, 0.6667, 0.6603, 0.6538, 0.6474, 0.6410, 0.6346, 0.6282, 0.6218, 0.6154, 0.6090, 0.6026, 0.5962, 0.5897, 0.5833, 0.5769, 0.5705, 0.5641, 0.5577, 0.5513, 0.5449, 0.5385, 0.5321, 0.5256, 0.5192, 0.5128, 0.5064, 0.5000, 0.4936, 0.4872, 0.4808, 0.4744, 0.4679, 0.4615, 0.4551, 0.4487, 0.4423, 0.4359, 0.4295, 0.4167, 0.4103, 0.4038, 0.3974, 0.3910, 0.3846, 0.3782, 0.3718, 0.3654, 0.3590, 0.3526, 0.3462, 0.3397, 0.3333, 0.3269, 0.3205, 0.3141, 0.3077, 0.3013, 0.2949, 0.2885, 0.2821, 0.2756, 0.2692, 0.2628, 0.2564, 0.2500, 0.2436, 0.2372, 0.2308, 0.2244, 0.2179, 0.2115, 0.2051, 0.1987, 0.1923, 0.1859, 0.1795, 0.1731, 0.1667, 0.1603, 0.1538, 0.1474, 0.1410, 0.1346, 0.1282, 0.1218, 0.1154, 0.1090, 0.1026, 0.0962, 0.0897, 0.0833, 0.0769, 0.0705, 0.0641, 0.0577, 0.0513, 0.0449, 0.0385, 0.0321, 0.0256, 0.0192, 0.0128, 0.0000


1K.csv:
-------
European:
Precision: 0.2060, 0.2078, 0.2085, 0.2091, 0.2097, 0.2104, 0.2117, 0.2123, 0.2130, 0.2136, 0.2150, 0.2156, 0.2170, 0.2177, 0.2184, 0.2190, 0.2197, 0.2204, 0.2212, 0.2219, 0.2226, 0.2255, 0.2262, 0.2270, 0.2277, 0.2285, 0.2292, 0.2300, 0.2308, 0.2315, 0.2323, 0.2331, 0.2347, 0.2355, 0.2363, 0.2371, 0.2379, 0.2388, 0.2396, 0.2404, 0.2413, 0.2421, 0.2438, 0.2447, 0.2456, 0.2473, 0.2482, 0.2500, 0.2509, 0.2518, 0.2527, 0.2537, 0.2546, 0.2556, 0.2565, 0.2575, 0.2584, 0.2594, 0.2604, 0.2614, 0.2624, 0.2634, 0.2644, 0.2654, 0.2664, 0.2674, 0.2685, 0.2695, 0.2706, 0.2717, 0.2727, 0.2738, 0.2749, 0.2760, 0.2771, 0.2782, 0.2794, 0.2805, 0.2816, 0.2828, 0.2840, 0.2851, 0.2863, 0.2875, 0.2887, 0.2899, 0.2911, 0.2924, 0.2936, 0.2949, 0.2961, 0.2987, 0.3000, 0.3013, 0.3026, 0.3040, 0.3053, 0.3067, 0.3080, 0.3094, 0.3108, 0.3122, 0.3136, 0.3151, 0.3165, 0.3180, 0.3194, 0.3209, 0.3224, 0.3239, 0.3255, 0.3270, 0.3286, 0.3301, 0.3317, 0.3333, 0.3350, 0.3366, 0.3382, 0.3399, 0.3416, 0.3433, 0.3450, 0.3467, 0.3485, 0.3503, 0.3520, 0.3538, 0.3557, 0.3575, 0.3594, 0.3613, 0.3632, 0.3651, 0.3670, 0.3710, 0.3730, 0.3750, 0.3770, 0.3791, 0.3812, 0.3833, 0.3855, 0.3876, 0.3898, 0.3920, 0.3943, 0.3966, 0.3988, 0.4012, 0.4035, 0.4059, 0.4083, 0.4107, 0.4132, 0.4157, 0.4182, 0.4207, 0.4233, 0.4259, 0.4286, 0.4313, 0.4340, 0.4367, 0.4395, 0.4423, 0.4452, 0.4481, 0.4510, 0.4539, 0.4570, 0.4600, 0.4631, 0.4662, 0.4694, 0.4726, 0.4759, 0.4792, 0.4825, 0.4859, 0.4894, 0.4929, 0.4964, 0.5000, 0.5036, 0.5074, 0.5111, 0.5149, 0.5188, 0.5227, 0.5267, 0.5308, 0.5349, 0.5391, 0.5433, 0.5476, 0.5520, 0.5565, 0.5610, 0.5656, 0.5702, 0.5750, 0.5798, 0.5948, 0.6000, 0.6053, 0.6106, 0.6161, 0.6216, 0.6273, 0.6330, 0.6389, 0.6449, 0.6509, 0.6571, 0.6538, 0.6602, 0.6667, 0.6733, 0.6800, 0.6869, 0.6939, 0.7010, 0.7083, 0.7158, 0.7234, 0.7312, 0.7391, 0.7473, 0.7556, 0.7528, 0.7614, 0.7701, 0.7791, 0.7882, 0.7976, 0.8072, 0.8171, 0.8272, 0.8250, 0.8228, 0.8333, 0.8442, 0.8553, 0.8667, 0.8784, 0.8767, 0.8750, 0.8732, 0.8857, 0.8986, 0.8971, 0.8955, 0.9091, 0.9077, 0.9219, 0.9206, 0.9194, 0.9344, 0.9333, 0.9322, 0.9310, 0.9298, 0.9464, 0.9455, 0.9444, 0.9434, 0.9423, 0.9608, 0.9600, 0.9592, 0.9583, 0.9574, 0.9565, 0.9556, 0.9773, 0.9767, 1.0000, 1.0000, 1.0000, 1.0000, 1.0000, 1.0000, 1.0000, 1.0000, 1.0000, 1.0000, 1.0000, 1.0000, 1.0000, 1.0000, 1.0000, 1.0000, 1.0000, 1.0000, 1.0000, 1.0000, 1.0000, 1.0000, 1.0000, 1.0000, 1.0000, 1.0000, 1.0000, 1.0000, 1.0000, 1.0000, 1.0000, 1.0000, 1.0000, 1.0000, 1.0000, 1.0000, 1.0000, 1.0000, 1.0000
Recall: 1.0000, 1.0000, 1.0000, 1.0000, 1.0000, 1.0000, 1.0000, 1.0000, 1.0000, 1.0000, 1.0000, 1.0000, 1.0000, 1.0000, 1.0000, 1.0000, 1.0000, 1.0000, 1.0000, 1.0000, 1.0000, 1.0000, 1.0000, 1.0000, 1.0000, 1.0000, 1.0000, 1.0000, 1.0000, 1.0000, 1.0000, 1.0000, 1.0000, 1.0000, 1.0000, 1.0000, 1.0000, 1.0000, 1.0000, 1.0000, 1.0000, 1.0000, 1.0000, 1.0000, 1.0000, 1.0000, 1.0000, 1.0000, 1.0000, 1.0000, 1.0000, 1.0000, 1.0000, 1.0000, 1.0000, 1.0000, 1.0000, 1.0000, 1.0000, 1.0000, 1.0000, 1.0000, 1.0000, 1.0000, 1.0000, 1.0000, 1.0000, 1.0000, 1.0000, 1.0000, 1.0000, 1.0000, 1.0000, 1.0000, 1.0000, 1.0000, 1.0000, 1.0000, 1.0000, 1.0000, 1.0000, 1.0000, 1.0000, 1.0000, 1.0000, 1.0000, 1.0000, 1.0000, 1.0000, 1.0000, 1.0000, 1.0000, 1.0000, 1.0000, 1.0000, 1.0000, 1.0000, 1.0000, 1.0000, 1.0000, 1.0000, 1.0000, 1.0000, 1.0000, 1.0000, 1.0000, 1.0000, 1.0000, 1.0000, 1.0000, 1.0000, 1.0000, 1.0000, 1.0000, 1.0000, 1.0000, 1.0000, 1.0000, 1.0000, 1.0000, 1.0000, 1.0000, 1.0000, 1.0000, 1.0000, 1.0000, 1.0000, 1.0000, 1.0000, 1.0000, 1.0000, 1.0000, 1.0000, 1.0000, 1.0000, 1.0000, 1.0000, 1.0000, 1.0000, 1.0000, 1.0000, 1.0000, 1.0000, 1.0000, 1.0000, 1.0000, 1.0000, 1.0000, 1.0000, 1.0000, 1.0000, 1.0000, 1.0000, 1.0000, 1.0000, 1.0000, 1.0000, 1.0000, 1.0000, 1.0000, 1.0000, 1.0000, 1.0000, 1.0000, 1.0000, 1.0000, 1.0000, 1.0000, 1.0000, 1.0000, 1.0000, 1.0000, 1.0000, 1.0000, 1.0000, 1.0000, 1.0000, 1.0000, 1.0000, 1.0000, 1.0000, 1.0000, 1.0000, 1.0000, 1.0000, 1.0000, 1.0000, 1.0000, 1.0000, 1.0000, 1.0000, 1.0000, 1.0000, 1.0000, 1.0000, 1.0000, 1.0000, 1.0000, 1.0000, 1.0000, 1.0000, 1.0000, 1.0000, 1.0000, 1.0000, 1.0000, 1.0000, 1.0000, 1.0000, 1.0000, 1.0000, 1.0000, 1.0000, 1.0000, 1.0000, 0.9855, 0.9855, 0.9855, 0.9855, 0.9855, 0.9855, 0.9855, 0.9855, 0.9855, 0.9855, 0.9855, 0.9855, 0.9855, 0.9855, 0.9855, 0.9710, 0.9710, 0.9710, 0.9710, 0.9710, 0.9710, 0.9710, 0.9710, 0.9710, 0.9565, 0.9420, 0.9420, 0.9420, 0.9420, 0.9420, 0.9420, 0.9275, 0.9130, 0.8986, 0.8986, 0.8986, 0.8841, 0.8696, 0.8696, 0.8551, 0.8551, 0.8406, 0.8261, 0.8261, 0.8116, 0.7971, 0.7826, 0.7681, 0.7681, 0.7536, 0.7391, 0.7246, 0.7101, 0.7101, 0.6957, 0.6812, 0.6667, 0.6522, 0.6377, 0.6232, 0.6232, 0.6087, 0.6087, 0.5942, 0.5797, 0.5652, 0.5507, 0.5362, 0.5217, 0.5072, 0.4928, 0.4783, 0.4638, 0.4493, 0.4348, 0.4203, 0.4058, 0.3913, 0.3768, 0.3623, 0.3478, 0.3333, 0.3188, 0.3043, 0.2899, 0.2754, 0.2609, 0.2464, 0.2319, 0.2174, 0.2029, 0.1594, 0.1449, 0.1304, 0.1159, 0.0870, 0.0725, 0.0580, 0.0435, 0.0290, 0.0000

African:
Precision: 0.3284, 0.3303, 0.3313, 0.3323, 0.3333, 0.3343, 0.3354, 0.3364, 0.3374, 0.3385, 0.3395, 0.3406, 0.3438, 0.3448, 0.3459, 0.3470, 0.3481, 0.3492, 0.3503, 0.3514, 0.3537, 0.3548, 0.3560, 0.3571, 0.3583, 0.3595, 0.3607, 0.3618, 0.3630, 0.3642, 0.3654, 0.3667, 0.3679, 0.3691, 0.3704, 0.3716, 0.3729, 0.3754, 0.3767, 0.3780, 0.3793, 0.3806, 0.3819, 0.3833, 0.3846, 0.3860, 0.3873, 0.3887, 0.3901, 0.3915, 0.3929, 0.3943, 0.3957, 0.3971, 0.3986, 0.4000, 0.4015, 0.4029, 0.4044, 0.4059, 0.4074, 0.4089, 0.4104, 0.4120, 0.4135, 0.4151, 0.4167, 0.4183, 0.4198, 0.4215, 0.4231, 0.4247, 0.4264, 0.4280, 0.4297, 0.4314, 0.4331, 0.4348, 0.4365, 0.4382, 0.4400, 0.4418, 0.4435, 0.4453, 0.4472, 0.4490, 0.4508, 0.4527, 0.4545, 0.4564, 0.4583, 0.4603, 0.4622, 0.4641, 0.4661, 0.4681, 0.4701, 0.4721, 0.4741, 0.4762, 0.4783, 0.4803, 0.4825, 0.4846, 0.4867, 0.4889, 0.4911, 0.4933, 0.4955, 0.4977, 0.5000, 0.5023, 0.5046, 0.5069, 0.5093, 0.5116, 0.5140, 0.5164, 0.5189, 0.5213, 0.5238, 0.5263, 0.5288, 0.5314, 0.5340, 0.5366, 0.5392, 0.5419, 0.5446, 0.5473, 0.5500, 0.5528, 0.5556, 0.5584, 0.5612, 0.5641, 0.5670, 0.5699, 0.5729, 0.5759, 0.5789, 0.5820, 0.5851, 0.5882, 0.5914, 0.5946, 0.5978, 0.6011, 0.6044, 0.6077, 0.6111, 0.6145, 0.6180, 0.6250, 0.6286, 0.6322, 0.6358, 0.6395, 0.6433, 0.6471, 0.6509, 0.6548, 0.6587, 0.6627, 0.6667, 0.6707, 0.6687, 0.6728, 0.6770, 0.6813, 0.6855, 0.6899, 0.6943, 0.6987, 0.7032, 0.7078, 0.7219, 0.7267, 0.7315, 0.7365, 0.7415, 0.7466, 0.7517, 0.7569, 0.7622, 0.7676, 0.7730, 0.7786, 0.7842, 0.7899, 0.7956, 0.8015, 0.8074, 0.8134, 0.8195, 0.8258, 0.8244, 0.8308, 0.8372, 0.8438, 0.8504, 0.8571, 0.8640, 0.8710, 0.8780, 0.8852, 0.8926, 0.9000, 0.9076, 0.9153, 0.9231, 0.9310, 0.9391, 0.9386, 0.9469, 0.9554, 0.9640, 0.9727, 0.9817, 0.9907, 1.0000, 1.0000, 1.0000, 1.0000, 1.0000, 1.0000, 1.0000, 1.0000, 1.0000, 1.0000, 1.0000, 1.0000, 1.0000, 1.0000, 1.0000, 1.0000, 1.0000, 1.0000, 1.0000, 1.0000, 1.0000, 1.0000, 1.0000, 1.0000, 1.0000, 1.0000, 1.0000, 1.0000, 1.0000, 1.0000, 1.0000, 1.0000, 1.0000, 1.0000, 1.0000, 1.0000, 1.0000, 1.0000, 1.0000, 1.0000, 1.0000, 1.0000, 1.0000, 1.0000, 1.0000, 1.0000, 1.0000, 1.0000, 1.0000, 1.0000, 1.0000, 1.0000, 1.0000, 1.0000, 1.0000, 1.0000, 1.0000, 1.0000, 1.0000, 1.0000, 1.0000, 1.0000, 1.0000, 1.0000, 1.0000, 1.0000, 1.0000, 1.0000, 1.0000, 1.0000, 1.0000, 1.0000, 1.0000, 1.0000, 1.0000, 1.0000, 1.0000, 1.0000, 1.0000, 1.0000, 1.0000, 1.0000, 1.0000, 1.0000, 1.0000, 1.0000, 1.0000, 1.0000, 1.0000, 1.0000, 1.0000, 1.0000, 1.0000, 1.0000, 1.0000, 1.0000
Recall: 1.0000, 1.0000, 1.0000, 1.0000, 1.0000, 1.0000, 1.0000, 1.0000, 1.0000, 1.0000, 1.0000, 1.0000, 1.0000, 1.0000, 1.0000, 1.0000, 1.0000, 1.0000, 1.0000, 1.0000, 1.0000, 1.0000, 1.0000, 1.0000, 1.0000, 1.0000, 1.0000, 1.0000, 1.0000, 1.0000, 1.0000, 1.0000, 1.0000, 1.0000, 1.0000, 1.0000, 1.0000, 1.0000, 1.0000, 1.0000, 1.0000, 1.0000, 1.0000, 1.0000, 1.0000, 1.0000, 1.0000, 1.0000, 1.0000, 1.0000, 1.0000, 1.0000, 1.0000, 1.0000, 1.0000, 1.0000, 1.0000, 1.0000, 1.0000, 1.0000, 1.0000, 1.0000, 1.0000, 1.0000, 1.0000, 1.0000, 1.0000, 1.0000, 1.0000, 1.0000, 1.0000, 1.0000, 1.0000, 1.0000, 1.0000, 1.0000, 1.0000, 1.0000, 1.0000, 1.0000, 1.0000, 1.0000, 1.0000, 1.0000, 1.0000, 1.0000, 1.0000, 1.0000, 1.0000, 1.0000, 1.0000, 1.0000, 1.0000, 1.0000, 1.0000, 1.0000, 1.0000, 1.0000, 1.0000, 1.0000, 1.0000, 1.0000, 1.0000, 1.0000, 1.0000, 1.0000, 1.0000, 1.0000, 1.0000, 1.0000, 1.0000, 1.0000, 1.0000, 1.0000, 1.0000, 1.0000, 1.0000, 1.0000, 1.0000, 1.0000, 1.0000, 1.0000, 1.0000, 1.0000, 1.0000, 1.0000, 1.0000, 1.0000, 1.0000, 1.0000, 1.0000, 1.0000, 1.0000, 1.0000, 1.0000, 1.0000, 1.0000, 1.0000, 1.0000, 1.0000, 1.0000, 1.0000, 1.0000, 1.0000, 1.0000, 1.0000, 1.0000, 1.0000, 1.0000, 1.0000, 1.0000, 1.0000, 1.0000, 1.0000, 1.0000, 1.0000, 1.0000, 1.0000, 1.0000, 1.0000, 1.0000, 1.0000, 1.0000, 1.0000, 1.0000, 1.0000, 0.9909, 0.9909, 0.9909, 0.9909, 0.9909, 0.9909, 0.9909, 0.9909, 0.9909, 0.9909, 0.9909, 0.9909, 0.9909, 0.9909, 0.9909, 0.9909, 0.9909, 0.9909, 0.9909, 0.9909, 0.9909, 0.9909, 0.9909, 0.9909, 0.9909, 0.9909, 0.9909, 0.9909, 0.9909, 0.9909, 0.9818, 0.9818, 0.9818, 0.9818, 0.9818, 0.9818, 0.9818, 0.9818, 0.9818, 0.9818, 0.9818, 0.9818, 0.9818, 0.9818, 0.9818, 0.9818, 0.9818, 0.9727, 0.9727, 0.9727, 0.9727, 0.9727, 0.9727, 0.9727, 0.9727, 0.9636, 0.9545, 0.9455, 0.9364, 0.9273, 0.9182, 0.9091, 0.9000, 0.8909, 0.8818, 0.8727, 0.8636, 0.8545, 0.8455, 0.8364, 0.8273, 0.8182, 0.8091, 0.8000, 0.7909, 0.7818, 0.7727, 0.7636, 0.7545, 0.7455, 0.7364, 0.7273, 0.7182, 0.7091, 0.7000, 0.6909, 0.6818, 0.6727, 0.6636, 0.6545, 0.6455, 0.6364, 0.6273, 0.6182, 0.6091, 0.6000, 0.5909, 0.5818, 0.5727, 0.5636, 0.5545, 0.5455, 0.5364, 0.5182, 0.5091, 0.4909, 0.4818, 0.4727, 0.4545, 0.4455, 0.4364, 0.4273, 0.4182, 0.4091, 0.4000, 0.3909, 0.3818, 0.3727, 0.3545, 0.3455, 0.3364, 0.3273, 0.3182, 0.3091, 0.3000, 0.2909, 0.2818, 0.2727, 0.2636, 0.2273, 0.2182, 0.2091, 0.2000, 0.1909, 0.1818, 0.1727, 0.1636, 0.1545, 0.1364, 0.1273, 0.1091, 0.1000, 0.0909, 0.0818, 0.0636, 0.0545, 0.0455, 0.0364, 0.0273, 0.0000

Asian:
Precision: 0.4657, 0.4699, 0.4713, 0.4727, 0.4742, 0.4756, 0.4785, 0.4800, 0.4815, 0.4830, 0.4860, 0.4875, 0.4906, 0.4921, 0.4937, 0.4952, 0.4968, 0.4984, 0.5000, 0.5016, 0.5032, 0.5098, 0.5115, 0.5132, 0.5149, 0.5166, 0.5183, 0.5200, 0.5217, 0.5235, 0.5253, 0.5270, 0.5306, 0.5324, 0.5342, 0.5361, 0.5379, 0.5398, 0.5417, 0.5436, 0.5455, 0.5474, 0.5512, 0.5532, 0.5552, 0.5591, 0.5612, 0.5652, 0.5673, 0.5693, 0.5714, 0.5735, 0.5756, 0.5778, 0.5799, 0.5821, 0.5843, 0.5865, 0.5887, 0.5909, 0.5932, 0.5954, 0.5977, 0.6000, 0.6023, 0.6047, 0.6070, 0.6094, 0.6118, 0.6142, 0.6166, 0.6190, 0.6215, 0.6240, 0.6265, 0.6290, 0.6316, 0.6341, 0.6367, 0.6393, 0.6420, 0.6446, 0.6473, 0.6500, 0.6527, 0.6555, 0.6582, 0.6610, 0.6638, 0.6695, 0.6724, 0.6753, 0.6783, 0.6812, 0.6842, 0.6903, 0.6933, 0.6964, 0.6996, 0.7027, 0.7123, 0.7156, 0.7189, 0.7222, 0.7256, 0.7290, 0.7324, 0.7358, 0.7393, 0.7429, 0.7464, 0.7500, 0.7536, 0.7573, 0.7610, 0.7647, 0.7685, 0.7723, 0.7761, 0.7800, 0.7839, 0.7879, 0.7919, 0.7959, 0.8000, 0.8041, 0.8083, 0.8125, 0.8168, 0.8211, 0.8254, 0.8298, 0.8342, 0.8333, 0.8378, 0.8424, 0.8470, 0.8516, 0.8564, 0.8611, 0.8659, 0.8652, 0.8701, 0.8750, 0.8800, 0.8851, 0.8902, 0.8953, 0.8947, 0.9000, 0.9053, 0.9107, 0.9162, 0.9217, 0.9273, 0.9329, 0.9325, 0.9383, 0.9379, 0.9437, 0.9497, 0.9494, 0.9490, 0.9551, 0.9613, 0.9675, 0.9673, 0.9671, 0.9669, 0.9667, 0.9664, 0.9730, 0.9728, 0.9795, 0.9793, 0.9792, 0.9790, 0.9789, 0.9787, 0.9786, 0.9784, 0.9783, 0.9781, 0.9779, 0.9852, 0.9851, 0.9850, 0.9848, 0.9847, 0.9846, 0.9845, 0.9844, 0.9843, 0.9841, 0.9840, 0.9839, 0.9837, 0.9836, 0.9835, 0.9833, 0.9832, 0.9915, 0.9915, 0.9914, 0.9913, 0.9912, 0.9912, 0.9911, 0.9910, 0.9909, 0.9908, 0.9907, 0.9907, 0.9904, 1.0000, 1.0000, 1.0000, 1.0000, 1.0000, 1.0000, 1.0000, 1.0000, 1.0000, 1.0000, 1.0000, 1.0000, 1.0000, 1.0000, 1.0000, 1.0000, 1.0000, 1.0000, 1.0000, 1.0000, 1.0000, 1.0000, 1.0000, 1.0000, 1.0000, 1.0000, 1.0000, 1.0000, 1.0000, 1.0000, 1.0000, 1.0000, 1.0000, 1.0000, 1.0000, 1.0000, 1.0000, 1.0000, 1.0000, 1.0000, 1.0000, 1.0000, 1.0000, 1.0000, 1.0000, 1.0000, 1.0000, 1.0000, 1.0000, 1.0000, 1.0000, 1.0000, 1.0000, 1.0000, 1.0000, 1.0000, 1.0000, 1.0000, 1.0000, 1.0000, 1.0000, 1.0000, 1.0000, 1.0000, 1.0000, 1.0000, 1.0000, 1.0000, 1.0000, 1.0000, 1.0000, 1.0000, 1.0000, 1.0000, 1.0000, 1.0000, 1.0000, 1.0000, 1.0000, 1.0000, 1.0000, 1.0000, 1.0000, 1.0000, 1.0000, 1.0000, 1.0000, 1.0000, 1.0000, 1.0000, 1.0000, 1.0000, 1.0000, 1.0000, 1.0000, 1.0000, 1.0000, 1.0000, 1.0000, 1.0000, 1.0000, 1.0000
Recall: 1.0000, 1.0000, 1.0000, 1.0000, 1.0000, 1.0000, 1.0000, 1.0000, 1.0000, 1.0000, 1.0000, 1.0000, 1.0000, 1.0000, 1.0000, 1.0000, 1.0000, 1.0000, 1.0000, 1.0000, 1.0000, 1.0000, 1.0000, 1.0000, 1.0000, 1.0000, 1.0000, 1.0000, 1.0000, 1.0000, 1.0000, 1.0000, 1.0000, 1.0000, 1.0000, 1.0000, 1.0000, 1.0000, 1.0000, 1.0000, 1.0000, 1.0000, 1.0000, 1.0000, 1.0000, 1.0000, 1.0000, 1.0000, 1.0000, 1.0000, 1.0000, 1.0000, 1.0000, 1.0000, 1.0000, 1.0000, 1.0000, 1.0000, 1.0000, 1.0000, 1.0000, 1.0000, 1.0000, 1.0000, 1.0000, 1.0000, 1.0000, 1.0000, 1.0000, 1.0000, 1.0000, 1.0000, 1.0000, 1.0000, 1.0000, 1.0000, 1.0000, 1.0000, 1.0000, 1.0000, 1.0000, 1.0000, 1.0000, 1.0000, 1.0000, 1.0000, 1.0000, 1.0000, 1.0000, 1.0000, 1.0000, 1.0000, 1.0000, 1.0000, 1.0000, 1.0000, 1.0000, 1.0000, 1.0000, 1.0000, 1.0000, 1.0000, 1.0000, 1.0000, 1.0000, 1.0000, 1.0000, 1.0000, 1.0000, 1.0000, 1.0000, 1.0000, 1.0000, 1.0000, 1.0000, 1.0000, 1.0000, 1.0000, 1.0000, 1.0000, 1.0000, 1.0000, 1.0000, 1.0000, 1.0000, 1.0000, 1.0000, 1.0000, 1.0000, 1.0000, 1.0000, 1.0000, 1.0000, 0.9936, 0.9936, 0.9936, 0.9936, 0.9936, 0.9936, 0.9936, 0.9936, 0.9872, 0.9872, 0.9872, 0.9872, 0.9872, 0.9872, 0.9872, 0.9808, 0.9808, 0.9808, 0.9808, 0.9808, 0.9808, 0.9808, 0.9808, 0.9744, 0.9744, 0.9679, 0.9679, 0.9679, 0.9615, 0.9551, 0.9551, 0.9551, 0.9551, 0.9487, 0.9423, 0.9359, 0.9295, 0.9231, 0.9231, 0.9167, 0.9167, 0.9103, 0.9038, 0.8974, 0.8910, 0.8846, 0.8782, 0.8718, 0.8654, 0.8590, 0.8526, 0.8526, 0.8462, 0.8397, 0.8333, 0.8269, 0.8205, 0.8141, 0.8077, 0.8013, 0.7949, 0.7885, 0.7821, 0.7756, 0.7692, 0.7628, 0.7564, 0.7500, 0.7500, 0.7436, 0.7372, 0.7308, 0.7244, 0.7179, 0.7115, 0.7051, 0.6987, 0.6923, 0.6859, 0.6795, 0.6603, 0.6603, 0.6538, 0.6474, 0.6410, 0.6346, 0.6282, 0.6218, 0.6154, 0.6090, 0.6026, 0.5962, 0.5897, 0.5833, 0.5769, 0.5705, 0.5641, 0.5577, 0.5513, 0.5449, 0.5385, 0.5321, 0.5256, 0.5192, 0.5128, 0.5064, 0.5000, 0.4936, 0.4872, 0.4808, 0.4744, 0.4679, 0.4615, 0.4551, 0.4487, 0.4423, 0.4359, 0.4295, 0.4231, 0.4167, 0.4103, 0.4038, 0.3974, 0.3910, 0.3846, 0.3782, 0.3718, 0.3654, 0.3590, 0.3526, 0.3462, 0.3397, 0.3269, 0.3205, 0.3141, 0.3077, 0.3013, 0.2949, 0.2885, 0.2821, 0.2756, 0.2692, 0.2628, 0.2564, 0.2500, 0.2436, 0.2372, 0.2308, 0.2244, 0.2179, 0.2115, 0.2051, 0.1987, 0.1923, 0.1859, 0.1795, 0.1731, 0.1667, 0.1603, 0.1538, 0.1474, 0.1410, 0.1346, 0.1282, 0.1218, 0.1154, 0.1090, 0.1026, 0.0962, 0.0897, 0.0833, 0.0769, 0.0705, 0.0641, 0.0577, 0.0513, 0.0449, 0.0385, 0.0321, 0.0256, 0.0192, 0.0128, 0.0000


300K.csv:
---------
European:
Precision: 0.2060, 0.2078, 0.2085, 0.2091, 0.2097, 0.2123, 0.2130, 0.2136, 0.2150, 0.2156, 0.2204, 0.2219, 0.2233, 0.2240, 0.2355, 0.2371, 0.2396, 0.2430, 0.2456, 0.2473, 0.2491, 0.2509, 0.2644, 0.2706, 0.2717, 0.2794, 0.2805, 0.2816, 0.2828, 0.2851, 0.2863, 0.2875, 0.2949, 0.2961, 0.2974, 0.2987, 0.3000, 0.3013, 0.3026, 0.3040, 0.3053, 0.3067, 0.3094, 0.3108, 0.3122, 0.3136, 0.3151, 0.3165, 0.3180, 0.3194, 0.3209, 0.3224, 0.3255, 0.3270, 0.3286, 0.3301, 0.3317, 0.3333, 0.3350, 0.3416, 0.3433, 0.3450, 0.3467, 0.3485, 0.3503, 0.3538, 0.3575, 0.3594, 0.3613, 0.3651, 0.3670, 0.3710, 0.3730, 0.3750, 0.3770, 0.3791, 0.3833, 0.3855, 0.3876, 0.3898, 0.3920, 0.3943, 0.3966, 0.4012, 0.4035, 0.4059, 0.4083, 0.4107, 0.4132, 0.4157, 0.4182, 0.4207, 0.4233, 0.4259, 0.4286, 0.4313, 0.4367, 0.4395, 0.4423, 0.4452, 0.4481, 0.4510, 0.4539, 0.4570, 0.4600, 0.4631, 0.4662, 0.4694, 0.4726, 0.4759, 0.4792, 0.4825, 0.4859, 0.4894, 0.4929, 0.5000, 0.5036, 0.5074, 0.5111, 0.5149, 0.5188, 0.5227, 0.5267, 0.5308, 0.5349, 0.5391, 0.5433, 0.5476, 0.5520, 0.5565, 0.5610, 0.5656, 0.5798, 0.5847, 0.5897, 0.5948, 0.6053, 0.6106, 0.6161, 0.6216, 0.6273, 0.6330, 0.6509, 0.6571, 0.6635, 0.6699, 0.6765, 0.6832, 0.6900, 0.7041, 0.7113, 0.7188, 0.7263, 0.7340, 0.7419, 0.7500, 0.7582, 0.7667, 0.7753, 0.7931, 0.8023, 0.8118, 0.8214, 0.8313, 0.8519, 0.8625, 0.8734, 0.8846, 0.8961, 0.9079, 0.9200, 0.9324, 0.9452, 0.9583, 0.9718, 0.9857, 1.0000, 1.0000, 1.0000, 1.0000, 1.0000, 1.0000, 1.0000, 1.0000, 1.0000, 1.0000, 1.0000, 1.0000, 1.0000, 1.0000, 1.0000, 1.0000, 1.0000, 1.0000, 1.0000, 1.0000, 1.0000, 1.0000, 1.0000, 1.0000, 1.0000, 1.0000, 1.0000, 1.0000, 1.0000, 1.0000, 1.0000, 1.0000, 1.0000, 1.0000, 1.0000, 1.0000, 1.0000, 1.0000, 1.0000, 1.0000, 1.0000, 1.0000, 1.0000, 1.0000, 1.0000, 1.0000, 1.0000, 1.0000, 1.0000, 1.0000, 1.0000, 1.0000, 1.0000, 1.0000, 1.0000, 1.0000, 1.0000, 1.0000, 1.0000, 1.0000, 1.0000, 1.0000, 1.0000, 1.0000, 1.0000
Recall: 1.0000, 1.0000, 1.0000, 1.0000, 1.0000, 1.0000, 1.0000, 1.0000, 1.0000, 1.0000, 1.0000, 1.0000, 1.0000, 1.0000, 1.0000, 1.0000, 1.0000, 1.0000, 1.0000, 1.0000, 1.0000, 1.0000, 1.0000, 1.0000, 1.0000, 1.0000, 1.0000, 1.0000, 1.0000, 1.0000, 1.0000, 1.0000, 1.0000, 1.0000, 1.0000, 1.0000, 1.0000, 1.0000, 1.0000, 1.0000, 1.0000, 1.0000, 1.0000, 1.0000, 1.0000, 1.0000, 1.0000, 1.0000, 1.0000, 1.0000, 1.0000, 1.0000, 1.0000, 1.0000, 1.0000, 1.0000, 1.0000, 1.0000, 1.0000, 1.0000, 1.0000, 1.0000, 1.0000, 1.0000, 1.0000, 1.0000, 1.0000, 1.0000, 1.0000, 1.0000, 1.0000, 1.0000, 1.0000, 1.0000, 1.0000, 1.0000, 1.0000, 1.0000, 1.0000, 1.0000, 1.0000, 1.0000, 1.0000, 1.0000, 1.0000, 1.0000, 1.0000, 1.0000, 1.0000, 1.0000, 1.0000, 1.0000, 1.0000, 1.0000, 1.0000, 1.0000, 1.0000, 1.0000, 1.0000, 1.0000, 1.0000, 1.0000, 1.0000, 1.0000, 1.0000, 1.0000, 1.0000, 1.0000, 1.0000, 1.0000, 1.0000, 1.0000, 1.0000, 1.0000, 1.0000, 1.0000, 1.0000, 1.0000, 1.0000, 1.0000, 1.0000, 1.0000, 1.0000, 1.0000, 1.0000, 1.0000, 1.0000, 1.0000, 1.0000, 1.0000, 1.0000, 1.0000, 1.0000, 1.0000, 1.0000, 1.0000, 1.0000, 1.0000, 1.0000, 1.0000, 1.0000, 1.0000, 1.0000, 1.0000, 1.0000, 1.0000, 1.0000, 1.0000, 1.0000, 1.0000, 1.0000, 1.0000, 1.0000, 1.0000, 1.0000, 1.0000, 1.0000, 1.0000, 1.0000, 1.0000, 1.0000, 1.0000, 1.0000, 1.0000, 1.0000, 1.0000, 1.0000, 1.0000, 1.0000, 1.0000, 1.0000, 1.0000, 1.0000, 1.0000, 1.0000, 1.0000, 1.0000, 0.9855, 0.9710, 0.9565, 0.9420, 0.9275, 0.9130, 0.8986, 0.8841, 0.8696, 0.8551, 0.8406, 0.8261, 0.8116, 0.7971, 0.7826, 0.7681, 0.7536, 0.7391, 0.7246, 0.7101, 0.6957, 0.6812, 0.6667, 0.6522, 0.6377, 0.6232, 0.6087, 0.5942, 0.5797, 0.5652, 0.5507, 0.5362, 0.5217, 0.5072, 0.4783, 0.4638, 0.4493, 0.4348, 0.4203, 0.4058, 0.3913, 0.3768, 0.3623, 0.3478, 0.3333, 0.3188, 0.3043, 0.2899, 0.2754, 0.2609, 0.2464, 0.2319, 0.2174, 0.1884, 0.1739, 0.1594, 0.1449, 0.1304, 0.1159, 0.1014, 0.0870, 0.0580, 0.0435, 0.0000

African:
Precision: 0.3284, 0.3313, 0.3323, 0.3333, 0.3343, 0.3354, 0.3364, 0.3374, 0.3385, 0.3395, 0.3406, 0.3416, 0.3438, 0.3448, 0.3459, 0.3470, 0.3481, 0.3492, 0.3503, 0.3514, 0.3526, 0.3537, 0.3548, 0.3560, 0.3571, 0.3583, 0.3595, 0.3607, 0.3618, 0.3630, 0.3642, 0.3654, 0.3667, 0.3679, 0.3691, 0.3704, 0.3729, 0.3741, 0.3767, 0.3780, 0.3793, 0.3806, 0.3819, 0.3833, 0.3846, 0.3860, 0.3873, 0.3887, 0.3901, 0.3915, 0.3929, 0.3943, 0.3957, 0.3971, 0.3986, 0.4000, 0.4015, 0.4029, 0.4044, 0.4074, 0.4089, 0.4104, 0.4120, 0.4135, 0.4151, 0.4167, 0.4183, 0.4198, 0.4215, 0.4231, 0.4247, 0.4264, 0.4280, 0.4297, 0.4314, 0.4331, 0.4348, 0.4365, 0.4382, 0.4400, 0.4418, 0.4435, 0.4453, 0.4472, 0.4490, 0.4508, 0.4583, 0.4622, 0.4641, 0.4661, 0.4701, 0.4721, 0.4762, 0.4783, 0.4803, 0.4825, 0.4846, 0.4867, 0.4889, 0.4933, 0.4977, 0.5000, 0.5023, 0.5046, 0.5069, 0.5093, 0.5116, 0.5140, 0.5164, 0.5189, 0.5238, 0.5263, 0.5314, 0.5340, 0.5366, 0.5392, 0.5419, 0.5446, 0.5473, 0.5500, 0.5528, 0.5556, 0.5584, 0.5612, 0.5641, 0.5670, 0.5699, 0.5729, 0.5759, 0.5789, 0.5820, 0.5851, 0.5882, 0.5914, 0.5946, 0.5978, 0.6011, 0.6044, 0.6077, 0.6111, 0.6145, 0.6180, 0.6215, 0.6250, 0.6322, 0.6358, 0.6395, 0.6433, 0.6471, 0.6509, 0.6548, 0.6587, 0.6627, 0.6667, 0.6790, 0.6832, 0.6875, 0.7006, 0.7051, 0.7097, 0.7143, 0.7190, 0.7237, 0.7285, 0.7333, 0.7383, 0.7432, 0.7483, 0.7586, 0.7639, 0.7692, 0.7746, 0.7801, 0.7857, 0.7971, 0.8029, 0.8088, 0.8148, 0.8209, 0.8271, 0.8333, 0.8462, 0.8594, 0.8661, 0.8730, 0.8800, 0.8871, 0.8943, 0.9016, 0.9091, 0.9167, 0.9244, 0.9322, 0.9402, 0.9483, 0.9565, 0.9649, 0.9735, 1.0000, 1.0000, 1.0000, 1.0000, 1.0000, 1.0000, 1.0000, 1.0000, 1.0000, 1.0000, 1.0000, 1.0000, 1.0000, 1.0000, 1.0000, 1.0000, 1.0000, 1.0000, 1.0000, 1.0000, 1.0000, 1.0000, 1.0000, 1.0000, 1.0000, 1.0000, 1.0000, 1.0000, 1.0000, 1.0000, 1.0000, 1.0000, 1.0000, 1.0000, 1.0000, 1.0000, 1.0000, 1.0000, 1.0000, 1.0000, 1.0000, 1.0000
Recall: 1.0000, 1.0000, 1.0000, 1.0000, 1.0000, 1.0000, 1.0000, 1.0000, 1.0000, 1.0000, 1.0000, 1.0000, 1.0000, 1.0000, 1.0000, 1.0000, 1.0000, 1.0000, 1.0000, 1.0000, 1.0000, 1.0000, 1.0000, 1.0000, 1.0000, 1.0000, 1.0000, 1.0000, 1.0000, 1.0000, 1.0000, 1.0000, 1.0000, 1.0000, 1.0000, 1.0000, 1.0000, 1.0000, 1.0000, 1.0000, 1.0000, 1.0000, 1.0000, 1.0000, 1.0000, 1.0000, 1.0000, 1.0000, 1.0000, 1.0000, 1.0000, 1.0000, 1.0000, 1.0000, 1.0000, 1.0000, 1.0000, 1.0000, 1.0000, 1.0000, 1.0000, 1.0000, 1.0000, 1.0000, 1.0000, 1.0000, 1.0000, 1.0000, 1.0000, 1.0000, 1.0000, 1.0000, 1.0000, 1.0000, 1.0000, 1.0000, 1.0000, 1.0000, 1.0000, 1.0000, 1.0000, 1.0000, 1.0000, 1.0000, 1.0000, 1.0000, 1.0000, 1.0000, 1.0000, 1.0000, 1.0000, 1.0000, 1.0000, 1.0000, 1.0000, 1.0000, 1.0000, 1.0000, 1.0000, 1.0000, 1.0000, 1.0000, 1.0000, 1.0000, 1.0000, 1.0000, 1.0000, 1.0000, 1.0000, 1.0000, 1.0000, 1.0000, 1.0000, 1.0000, 1.0000, 1.0000, 1.0000, 1.0000, 1.0000, 1.0000, 1.0000, 1.0000, 1.0000, 1.0000, 1.0000, 1.0000, 1.0000, 1.0000, 1.0000, 1.0000, 1.0000, 1.0000, 1.0000, 1.0000, 1.0000, 1.0000, 1.0000, 1.0000, 1.0000, 1.0000, 1.0000, 1.0000, 1.0000, 1.0000, 1.0000, 1.0000, 1.0000, 1.0000, 1.0000, 1.0000, 1.0000, 1.0000, 1.0000, 1.0000, 1.0000, 1.0000, 1.0000, 1.0000, 1.0000, 1.0000, 1.0000, 1.0000, 1.0000, 1.0000, 1.0000, 1.0000, 1.0000, 1.0000, 1.0000, 1.0000, 1.0000, 1.0000, 1.0000, 1.0000, 1.0000, 1.0000, 1.0000, 1.0000, 1.0000, 1.0000, 1.0000, 1.0000, 1.0000, 1.0000, 1.0000, 1.0000, 1.0000, 1.0000, 1.0000, 1.0000, 1.0000, 1.0000, 1.0000, 1.0000, 1.0000, 1.0000, 1.0000, 1.0000, 1.0000, 0.9909, 0.9818, 0.9727, 0.9636, 0.9545, 0.9455, 0.9364, 0.9273, 0.9182, 0.8636, 0.8545, 0.8455, 0.8273, 0.8182, 0.8091, 0.8000, 0.7364, 0.7273, 0.6727, 0.5455, 0.5273, 0.5091, 0.4909, 0.4636, 0.4273, 0.4000, 0.3818, 0.2455, 0.2364, 0.2182, 0.2000, 0.1364, 0.1273, 0.1091, 0.1000, 0.0909, 0.0545, 0.0455, 0.0364, 0.0273, 0.0000

Asian:
Precision: 0.4657, 0.4699, 0.4713, 0.4727, 0.4742, 0.4800, 0.4815, 0.4830, 0.4860, 0.4875, 0.4984, 0.5016, 0.5049, 0.5065, 0.5324, 0.5361, 0.5417, 0.5493, 0.5552, 0.5591, 0.5632, 0.5673, 0.5977, 0.6118, 0.6142, 0.6316, 0.6341, 0.6367, 0.6393, 0.6446, 0.6473, 0.6500, 0.6667, 0.6695, 0.6724, 0.6753, 0.6783, 0.6812, 0.6842, 0.6872, 0.6903, 0.6933, 0.7027, 0.7059, 0.7123, 0.7156, 0.7189, 0.7222, 0.7256, 0.7290, 0.7324, 0.7358, 0.7429, 0.7464, 0.7500, 0.7536, 0.7573, 0.7610, 0.7647, 0.7685, 0.7723, 0.7761, 0.7800, 0.7839, 0.7879, 0.7919, 0.7959, 0.8000, 0.8041, 0.8083, 0.8125, 0.8211, 0.8254, 0.8298, 0.8342, 0.8387, 0.8432, 0.8478, 0.8525, 0.8571, 0.8619, 0.8667, 0.8715, 0.8764, 0.8814, 0.8864, 0.8914, 0.8966, 0.9017, 0.9070, 0.9123, 0.9176, 0.9231, 0.9286, 0.9341, 0.9398, 0.9455, 0.9512, 0.9571, 0.9630, 0.9689, 0.9750, 0.9811, 0.9873, 0.9936, 1.0000, 1.0000, 1.0000, 1.0000, 1.0000, 1.0000, 1.0000, 1.0000, 1.0000, 1.0000, 1.0000, 1.0000, 1.0000, 1.0000, 1.0000, 1.0000, 1.0000, 1.0000, 1.0000, 1.0000, 1.0000, 1.0000, 1.0000, 1.0000, 1.0000, 1.0000, 1.0000, 1.0000, 1.0000, 1.0000, 1.0000, 1.0000, 1.0000, 1.0000, 1.0000, 1.0000, 1.0000, 1.0000, 1.0000, 1.0000, 1.0000, 1.0000, 1.0000, 1.0000, 1.0000, 1.0000, 1.0000, 1.0000, 1.0000, 1.0000, 1.0000, 1.0000, 1.0000, 1.0000, 1.0000, 1.0000, 1.0000, 1.0000, 1.0000, 1.0000, 1.0000, 1.0000, 1.0000, 1.0000, 1.0000, 1.0000, 1.0000, 1.0000, 1.0000, 1.0000, 1.0000, 1.0000, 1.0000, 1.0000, 1.0000, 1.0000, 1.0000, 1.0000, 1.0000, 1.0000, 1.0000, 1.0000, 1.0000, 1.0000, 1.0000, 1.0000, 1.0000, 1.0000, 1.0000, 1.0000, 1.0000, 1.0000, 1.0000, 1.0000, 1.0000, 1.0000, 1.0000, 1.0000, 1.0000, 1.0000, 1.0000, 1.0000, 1.0000, 1.0000, 1.0000, 1.0000, 1.0000, 1.0000, 1.0000, 1.0000, 1.0000, 1.0000, 1.0000, 1.0000, 1.0000, 1.0000, 1.0000, 1.0000, 1.0000, 1.0000, 1.0000, 1.0000, 1.0000, 1.0000, 1.0000, 1.0000, 1.0000, 1.0000, 1.0000, 1.0000, 1.0000, 1.0000, 1.0000, 1.0000, 1.0000
Recall: 1.0000, 1.0000, 1.0000, 1.0000, 1.0000, 1.0000, 1.0000, 1.0000, 1.0000, 1.0000, 1.0000, 1.0000, 1.0000, 1.0000, 1.0000, 1.0000, 1.0000, 1.0000, 1.0000, 1.0000, 1.0000, 1.0000, 1.0000, 1.0000, 1.0000, 1.0000, 1.0000, 1.0000, 1.0000, 1.0000, 1.0000, 1.0000, 1.0000, 1.0000, 1.0000, 1.0000, 1.0000, 1.0000, 1.0000, 1.0000, 1.0000, 1.0000, 1.0000, 1.0000, 1.0000, 1.0000, 1.0000, 1.0000, 1.0000, 1.0000, 1.0000, 1.0000, 1.0000, 1.0000, 1.0000, 1.0000, 1.0000, 1.0000, 1.0000, 1.0000, 1.0000, 1.0000, 1.0000, 1.0000, 1.0000, 1.0000, 1.0000, 1.0000, 1.0000, 1.0000, 1.0000, 1.0000, 1.0000, 1.0000, 1.0000, 1.0000, 1.0000, 1.0000, 1.0000, 1.0000, 1.0000, 1.0000, 1.0000, 1.0000, 1.0000, 1.0000, 1.0000, 1.0000, 1.0000, 1.0000, 1.0000, 1.0000, 1.0000, 1.0000, 1.0000, 1.0000, 1.0000, 1.0000, 1.0000, 1.0000, 1.0000, 1.0000, 1.0000, 1.0000, 1.0000, 1.0000, 0.9936, 0.9872, 0.9808, 0.9744, 0.9679, 0.9615, 0.9551, 0.9487, 0.9423, 0.9359, 0.9295, 0.9231, 0.9103, 0.9038, 0.8974, 0.8910, 0.8846, 0.8718, 0.8654, 0.8590, 0.8526, 0.8462, 0.8397, 0.8333, 0.8269, 0.8205, 0.8141, 0.8013, 0.7949, 0.7885, 0.7821, 0.7756, 0.7692, 0.7628, 0.7436, 0.7372, 0.7308, 0.7244, 0.7179, 0.7115, 0.6923, 0.6859, 0.6795, 0.6603, 0.6538, 0.6474, 0.6410, 0.6346, 0.6282, 0.6218, 0.6154, 0.6090, 0.6026, 0.5962, 0.5897, 0.5833, 0.5769, 0.5705, 0.5641, 0.5577, 0.5449, 0.5385, 0.5321, 0.5256, 0.5192, 0.5128, 0.5064, 0.5000, 0.4936, 0.4872, 0.4808, 0.4744, 0.4679, 0.4615, 0.4551, 0.4487, 0.4423, 0.4359, 0.4231, 0.4167, 0.4103, 0.4038, 0.3974, 0.3910, 0.3846, 0.3782, 0.3718, 0.3654, 0.3590, 0.3526, 0.3462, 0.3397, 0.3269, 0.3205, 0.3141, 0.3077, 0.2949, 0.2885, 0.2821, 0.2756, 0.2692, 0.2628, 0.2564, 0.2500, 0.2372, 0.2308, 0.2179, 0.2115, 0.2051, 0.1923, 0.1795, 0.1731, 0.1667, 0.1603, 0.1538, 0.1282, 0.1218, 0.1154, 0.1090, 0.1026, 0.0962, 0.0833, 0.0769, 0.0705, 0.0641, 0.0577, 0.0513, 0.0449, 0.0385, 0.0321, 0.0256, 0.0192, 0.0128, 0.0000


50K.csv:
--------
European:
Precision: 0.2060, 0.2078, 0.2085, 0.2091, 0.2097, 0.2117, 0.2123, 0.2130, 0.2136, 0.2143, 0.2150, 0.2197, 0.2240, 0.2248, 0.2255, 0.2315, 0.2323, 0.2331, 0.2339, 0.2363, 0.2371, 0.2379, 0.2388, 0.2413, 0.2430, 0.2447, 0.2456, 0.2500, 0.2509, 0.2527, 0.2537, 0.2565, 0.2584, 0.2594, 0.2604, 0.2644, 0.2654, 0.2685, 0.2695, 0.2706, 0.2749, 0.2760, 0.2771, 0.2794, 0.2805, 0.2816, 0.2828, 0.2840, 0.2851, 0.2875, 0.2887, 0.2911, 0.2936, 0.2949, 0.2961, 0.2974, 0.2987, 0.3000, 0.3013, 0.3026, 0.3040, 0.3053, 0.3080, 0.3094, 0.3108, 0.3122, 0.3136, 0.3151, 0.3165, 0.3180, 0.3194, 0.3209, 0.3239, 0.3255, 0.3270, 0.3286, 0.3301, 0.3317, 0.3333, 0.3350, 0.3366, 0.3382, 0.3399, 0.3416, 0.3433, 0.3450, 0.3467, 0.3485, 0.3503, 0.3520, 0.3538, 0.3557, 0.3575, 0.3594, 0.3613, 0.3632, 0.3651, 0.3670, 0.3690, 0.3710, 0.3730, 0.3750, 0.3770, 0.3791, 0.3812, 0.3833, 0.3855, 0.3876, 0.3898, 0.3920, 0.3943, 0.3966, 0.3988, 0.4012, 0.4035, 0.4059, 0.4083, 0.4107, 0.4132, 0.4157, 0.4182, 0.4207, 0.4233, 0.4259, 0.4286, 0.4313, 0.4367, 0.4395, 0.4423, 0.4452, 0.4481, 0.4510, 0.4539, 0.4570, 0.4600, 0.4631, 0.4662, 0.4694, 0.4726, 0.4759, 0.4792, 0.4825, 0.4894, 0.4929, 0.4964, 0.5000, 0.5036, 0.5074, 0.5111, 0.5149, 0.5188, 0.5227, 0.5267, 0.5308, 0.5349, 0.5391, 0.5433, 0.5476, 0.5520, 0.5565, 0.5610, 0.5656, 0.5702, 0.5750, 0.5798, 0.5847, 0.5897, 0.5948, 0.6000, 0.6053, 0.6106, 0.6161, 0.6216, 0.6273, 0.6330, 0.6389, 0.6449, 0.6509, 0.6571, 0.6635, 0.6699, 0.6765, 0.6970, 0.7041, 0.7113, 0.7188, 0.7263, 0.7340, 0.7419, 0.7500, 0.7582, 0.7667, 0.7753, 0.7841, 0.7931, 0.8023, 0.8118, 0.8214, 0.8313, 0.8415, 0.8519, 0.8625, 0.8734, 0.8846, 0.8961, 0.9079, 0.9200, 0.9324, 0.9452, 0.9583, 0.9718, 0.9857, 1.0000, 1.0000, 1.0000, 1.0000, 1.0000, 1.0000, 1.0000, 1.0000, 1.0000, 1.0000, 1.0000, 1.0000, 1.0000, 1.0000, 1.0000, 1.0000, 1.0000, 1.0000, 1.0000, 1.0000, 1.0000, 1.0000, 1.0000, 1.0000, 1.0000, 1.0000, 1.0000, 1.0000, 1.0000, 1.0000, 1.0000, 1.0000, 1.0000, 1.0000, 1.0000, 1.0000, 1.0000, 1.0000, 1.0000, 1.0000, 1.0000, 1.0000, 1.0000, 1.0000, 1.0000, 1.0000, 1.0000, 1.0000, 1.0000, 1.0000, 1.0000, 1.0000, 1.0000, 1.0000, 1.0000, 1.0000, 1.0000, 1.0000, 1.0000, 1.0000, 1.0000, 1.0000, 1.0000, 1.0000, 1.0000, 1.0000
Recall: 1.0000, 1.0000, 1.0000, 1.0000, 1.0000, 1.0000, 1.0000, 1.0000, 1.0000, 1.0000, 1.0000, 1.0000, 1.0000, 1.0000, 1.0000, 1.0000, 1.0000, 1.0000, 1.0000, 1.0000, 1.0000, 1.0000, 1.0000, 1.0000, 1.0000, 1.0000, 1.0000, 1.0000, 1.0000, 1.0000, 1.0000, 1.0000, 1.0000, 1.0000, 1.0000, 1.0000, 1.0000, 1.0000, 1.0000, 1.0000, 1.0000, 1.0000, 1.0000, 1.0000, 1.0000, 1.0000, 1.0000, 1.0000, 1.0000, 1.0000, 1.0000, 1.0000, 1.0000, 1.0000, 1.0000, 1.0000, 1.0000, 1.0000, 1.0000, 1.0000, 1.0000, 1.0000, 1.0000, 1.0000, 1.0000, 1.0000, 1.0000, 1.0000, 1.0000, 1.0000, 1.0000, 1.0000, 1.0000, 1.0000, 1.0000, 1.0000, 1.0000, 1.0000, 1.0000, 1.0000, 1.0000, 1.0000, 1.0000, 1.0000, 1.0000, 1.0000, 1.0000, 1.0000, 1.0000, 1.0000, 1.0000, 1.0000, 1.0000, 1.0000, 1.0000, 1.0000, 1.0000, 1.0000, 1.0000, 1.0000, 1.0000, 1.0000, 1.0000, 1.0000, 1.0000, 1.0000, 1.0000, 1.0000, 1.0000, 1.0000, 1.0000, 1.0000, 1.0000, 1.0000, 1.0000, 1.0000, 1.0000, 1.0000, 1.0000, 1.0000, 1.0000, 1.0000, 1.0000, 1.0000, 1.0000, 1.0000, 1.0000, 1.0000, 1.0000, 1.0000, 1.0000, 1.0000, 1.0000, 1.0000, 1.0000, 1.0000, 1.0000, 1.0000, 1.0000, 1.0000, 1.0000, 1.0000, 1.0000, 1.0000, 1.0000, 1.0000, 1.0000, 1.0000, 1.0000, 1.0000, 1.0000, 1.0000, 1.0000, 1.0000, 1.0000, 1.0000, 1.0000, 1.0000, 1.0000, 1.0000, 1.0000, 1.0000, 1.0000, 1.0000, 1.0000, 1.0000, 1.0000, 1.0000, 1.0000, 1.0000, 1.0000, 1.0000, 1.0000, 1.0000, 1.0000, 1.0000, 1.0000, 1.0000, 1.0000, 1.0000, 1.0000, 1.0000, 1.0000, 1.0000, 1.0000, 1.0000, 1.0000, 1.0000, 1.0000, 1.0000, 1.0000, 1.0000, 1.0000, 1.0000, 1.0000, 1.0000, 1.0000, 1.0000, 1.0000, 1.0000, 1.0000, 1.0000, 1.0000, 1.0000, 1.0000, 1.0000, 1.0000, 1.0000, 1.0000, 1.0000, 1.0000, 1.0000, 1.0000, 0.9855, 0.9710, 0.9565, 0.9420, 0.9275, 0.9130, 0.8986, 0.8841, 0.8696, 0.8551, 0.8406, 0.8261, 0.8116, 0.7971, 0.7826, 0.7681, 0.7536, 0.7391, 0.7246, 0.7101, 0.6957, 0.6812, 0.6667, 0.6522, 0.6377, 0.6232, 0.6087, 0.5942, 0.5797, 0.5652, 0.5507, 0.5362, 0.5217, 0.5072, 0.4928, 0.4783, 0.4638, 0.4493, 0.4348, 0.4203, 0.4058, 0.3913, 0.3768, 0.3623, 0.3478, 0.3333, 0.3188, 0.3043, 0.2899, 0.2754, 0.2609, 0.2464, 0.2319, 0.2029, 0.1884, 0.1739, 0.1594, 0.1449, 0.1304, 0.1159, 0.1014, 0.0870, 0.0580, 0.0435, 0.0000

African:
Precision: 0.3284, 0.3313, 0.3323, 0.3333, 0.3343, 0.3354, 0.3364, 0.3374, 0.3385, 0.3395, 0.3406, 0.3416, 0.3427, 0.3438, 0.3448, 0.3470, 0.3481, 0.3492, 0.3503, 0.3514, 0.3526, 0.3537, 0.3548, 0.3560, 0.3571, 0.3583, 0.3595, 0.3607, 0.3618, 0.3630, 0.3642, 0.3654, 0.3667, 0.3679, 0.3691, 0.3704, 0.3716, 0.3729, 0.3741, 0.3754, 0.3767, 0.3780, 0.3806, 0.3819, 0.3833, 0.3846, 0.3860, 0.3873, 0.3887, 0.3901, 0.3915, 0.3929, 0.3943, 0.3957, 0.3971, 0.3986, 0.4000, 0.4029, 0.4044, 0.4059, 0.4074, 0.4089, 0.4104, 0.4120, 0.4135, 0.4151, 0.4167, 0.4183, 0.4198, 0.4215, 0.4231, 0.4247, 0.4264, 0.4280, 0.4297, 0.4314, 0.4331, 0.4348, 0.4365, 0.4382, 0.4400, 0.4418, 0.4435, 0.4453, 0.4472, 0.4490, 0.4508, 0.4527, 0.4545, 0.4583, 0.4603, 0.4622, 0.4641, 0.4661, 0.4681, 0.4701, 0.4721, 0.4741, 0.4762, 0.4783, 0.4803, 0.4825, 0.4846, 0.4867, 0.4889, 0.4911, 0.4933, 0.4955, 0.4977, 0.5000, 0.5023, 0.5046, 0.5069, 0.5093, 0.5116, 0.5140, 0.5164, 0.5189, 0.5213, 0.5238, 0.5263, 0.5288, 0.5314, 0.5340, 0.5366, 0.5392, 0.5419, 0.5446, 0.5473, 0.5500, 0.5528, 0.5556, 0.5584, 0.5612, 0.5641, 0.5670, 0.5699, 0.5729, 0.5759, 0.5789, 0.5820, 0.5851, 0.5882, 0.5946, 0.5978, 0.6011, 0.6044, 0.6077, 0.6111, 0.6145, 0.6180, 0.6215, 0.6250, 0.6286, 0.6322, 0.6358, 0.6395, 0.6433, 0.6471, 0.6509, 0.6548, 0.6587, 0.6627, 0.6667, 0.6707, 0.6748, 0.6790, 0.6832, 0.6875, 0.6918, 0.6962, 0.7006, 0.7051, 0.7097, 0.7143, 0.7190, 0.7237, 0.7285, 0.7333, 0.7383, 0.7432, 0.7483, 0.7534, 0.7586, 0.7639, 0.7692, 0.7746, 0.7801, 0.7914, 0.7971, 0.8029, 0.8088, 0.8148, 0.8209, 0.8271, 0.8333, 0.8397, 0.8462, 0.8527, 0.8594, 0.8661, 0.8730, 0.8800, 0.8871, 0.8943, 0.9016, 0.9091, 0.9167, 0.9244, 0.9322, 0.9402, 0.9483, 0.9565, 0.9649, 0.9735, 1.0000, 1.0000, 1.0000, 1.0000, 1.0000, 1.0000, 1.0000, 1.0000, 1.0000, 1.0000, 1.0000, 1.0000, 1.0000, 1.0000, 1.0000, 1.0000, 1.0000, 1.0000, 1.0000, 1.0000, 1.0000, 1.0000, 1.0000, 1.0000, 1.0000, 1.0000, 1.0000, 1.0000, 1.0000, 1.0000, 1.0000, 1.0000, 1.0000, 1.0000, 1.0000, 1.0000, 1.0000, 1.0000, 1.0000, 1.0000, 1.0000, 1.0000, 1.0000, 1.0000, 1.0000, 1.0000, 1.0000, 1.0000, 1.0000, 1.0000, 1.0000, 1.0000, 1.0000, 1.0000, 1.0000, 1.0000, 1.0000, 1.0000, 1.0000, 1.0000, 1.0000, 1.0000
Recall: 1.0000, 1.0000, 1.0000, 1.0000, 1.0000, 1.0000, 1.0000, 1.0000, 1.0000, 1.0000, 1.0000, 1.0000, 1.0000, 1.0000, 1.0000, 1.0000, 1.0000, 1.0000, 1.0000, 1.0000, 1.0000, 1.0000, 1.0000, 1.0000, 1.0000, 1.0000, 1.0000, 1.0000, 1.0000, 1.0000, 1.0000, 1.0000, 1.0000, 1.0000, 1.0000, 1.0000, 1.0000, 1.0000, 1.0000, 1.0000, 1.0000, 1.0000, 1.0000, 1.0000, 1.0000, 1.0000, 1.0000, 1.0000, 1.0000, 1.0000, 1.0000, 1.0000, 1.0000, 1.0000, 1.0000, 1.0000, 1.0000, 1.0000, 1.0000, 1.0000, 1.0000, 1.0000, 1.0000, 1.0000, 1.0000, 1.0000, 1.0000, 1.0000, 1.0000, 1.0000, 1.0000, 1.0000, 1.0000, 1.0000, 1.0000, 1.0000, 1.0000, 1.0000, 1.0000, 1.0000, 1.0000, 1.0000, 1.0000, 1.0000, 1.0000, 1.0000, 1.0000, 1.0000, 1.0000, 1.0000, 1.0000, 1.0000, 1.0000, 1.0000, 1.0000, 1.0000, 1.0000, 1.0000, 1.0000, 1.0000, 1.0000, 1.0000, 1.0000, 1.0000, 1.0000, 1.0000, 1.0000, 1.0000, 1.0000, 1.0000, 1.0000, 1.0000, 1.0000, 1.0000, 1.0000, 1.0000, 1.0000, 1.0000, 1.0000, 1.0000, 1.0000, 1.0000, 1.0000, 1.0000, 1.0000, 1.0000, 1.0000, 1.0000, 1.0000, 1.0000, 1.0000, 1.0000, 1.0000, 1.0000, 1.0000, 1.0000, 1.0000, 1.0000, 1.0000, 1.0000, 1.0000, 1.0000, 1.0000, 1.0000, 1.0000, 1.0000, 1.0000, 1.0000, 1.0000, 1.0000, 1.0000, 1.0000, 1.0000, 1.0000, 1.0000, 1.0000, 1.0000, 1.0000, 1.0000, 1.0000, 1.0000, 1.0000, 1.0000, 1.0000, 1.0000, 1.0000, 1.0000, 1.0000, 1.0000, 1.0000, 1.0000, 1.0000, 1.0000, 1.0000, 1.0000, 1.0000, 1.0000, 1.0000, 1.0000, 1.0000, 1.0000, 1.0000, 1.0000, 1.0000, 1.0000, 1.0000, 1.0000, 1.0000, 1.0000, 1.0000, 1.0000, 1.0000, 1.0000, 1.0000, 1.0000, 1.0000, 1.0000, 1.0000, 1.0000, 1.0000, 1.0000, 1.0000, 1.0000, 1.0000, 1.0000, 1.0000, 1.0000, 1.0000, 1.0000, 1.0000, 1.0000, 1.0000, 1.0000, 1.0000, 1.0000, 1.0000, 0.9909, 0.9818, 0.9727, 0.9636, 0.9545, 0.9455, 0.9364, 0.9273, 0.9182, 0.9091, 0.8909, 0.8727, 0.8636, 0.8455, 0.8364, 0.8273, 0.8182, 0.8091, 0.8000, 0.7818, 0.7727, 0.7636, 0.7273, 0.7182, 0.7091, 0.6818, 0.6727, 0.6364, 0.6273, 0.6000, 0.5727, 0.5636, 0.5455, 0.5364, 0.4909, 0.4818, 0.4636, 0.4455, 0.4182, 0.4091, 0.4000, 0.3909, 0.3636, 0.3545, 0.3455, 0.3364, 0.2636, 0.2545, 0.2455, 0.1909, 0.1273, 0.1182, 0.1091, 0.1000, 0.0909, 0.0818, 0.0545, 0.0455, 0.0364, 0.0273, 0.0000

Asian:
Precision: 0.4657, 0.4699, 0.4713, 0.4727, 0.4742, 0.4785, 0.4800, 0.4815, 0.4830, 0.4845, 0.4860, 0.4968, 0.5065, 0.5081, 0.5098, 0.5235, 0.5253, 0.5270, 0.5288, 0.5342, 0.5361, 0.5379, 0.5398, 0.5455, 0.5493, 0.5532, 0.5552, 0.5652, 0.5673, 0.5714, 0.5735, 0.5799, 0.5865, 0.5887, 0.5977, 0.6000, 0.6070, 0.6094, 0.6118, 0.6215, 0.6240, 0.6265, 0.6316, 0.6341, 0.6367, 0.6393, 0.6420, 0.6446, 0.6500, 0.6527, 0.6582, 0.6638, 0.6667, 0.6695, 0.6724, 0.6753, 0.6783, 0.6812, 0.6842, 0.6872, 0.6903, 0.6996, 0.7027, 0.7091, 0.7123, 0.7156, 0.7189, 0.7222, 0.7256, 0.7290, 0.7324, 0.7358, 0.7429, 0.7464, 0.7500, 0.7536, 0.7573, 0.7610, 0.7647, 0.7685, 0.7723, 0.7761, 0.7800, 0.7839, 0.7879, 0.7919, 0.7959, 0.8000, 0.8041, 0.8083, 0.8125, 0.8168, 0.8211, 0.8254, 0.8298, 0.8342, 0.8387, 0.8432, 0.8478, 0.8525, 0.8571, 0.8619, 0.8667, 0.8715, 0.8764, 0.8814, 0.8864, 0.8914, 0.8966, 0.9017, 0.9070, 0.9123, 0.9176, 0.9231, 0.9286, 0.9341, 0.9398, 0.9455, 0.9512, 0.9571, 0.9630, 0.9689, 0.9750, 0.9811, 0.9873, 0.9936, 1.0000, 1.0000, 1.0000, 1.0000, 1.0000, 1.0000, 1.0000, 1.0000, 1.0000, 1.0000, 1.0000, 1.0000, 1.0000, 1.0000, 1.0000, 1.0000, 1.0000, 1.0000, 1.0000, 1.0000, 1.0000, 1.0000, 1.0000, 1.0000, 1.0000, 1.0000, 1.0000, 1.0000, 1.0000, 1.0000, 1.0000, 1.0000, 1.0000, 1.0000, 1.0000, 1.0000, 1.0000, 1.0000, 1.0000, 1.0000, 1.0000, 1.0000, 1.0000, 1.0000, 1.0000, 1.0000, 1.0000, 1.0000, 1.0000, 1.0000, 1.0000, 1.0000, 1.0000, 1.0000, 1.0000, 1.0000, 1.0000, 1.0000, 1.0000, 1.0000, 1.0000, 1.0000, 1.0000, 1.0000, 1.0000, 1.0000, 1.0000, 1.0000, 1.0000, 1.0000, 1.0000, 1.0000, 1.0000, 1.0000, 1.0000, 1.0000, 1.0000, 1.0000, 1.0000, 1.0000, 1.0000, 1.0000, 1.0000, 1.0000, 1.0000, 1.0000, 1.0000, 1.0000, 1.0000, 1.0000, 1.0000, 1.0000, 1.0000, 1.0000, 1.0000, 1.0000, 1.0000, 1.0000, 1.0000, 1.0000, 1.0000, 1.0000, 1.0000, 1.0000, 1.0000, 1.0000, 1.0000, 1.0000, 1.0000, 1.0000, 1.0000, 1.0000, 1.0000, 1.0000, 1.0000, 1.0000, 1.0000, 1.0000, 1.0000, 1.0000, 1.0000, 1.0000, 1.0000, 1.0000, 1.0000, 1.0000, 1.0000, 1.0000, 1.0000, 1.0000, 1.0000, 1.0000, 1.0000, 1.0000, 1.0000, 1.0000, 1.0000, 1.0000, 1.0000, 1.0000, 1.0000, 1.0000, 1.0000, 1.0000, 1.0000, 1.0000, 1.0000, 1.0000, 1.0000, 1.0000, 1.0000
Recall: 1.0000, 1.0000, 1.0000, 1.0000, 1.0000, 1.0000, 1.0000, 1.0000, 1.0000, 1.0000, 1.0000, 1.0000, 1.0000, 1.0000, 1.0000, 1.0000, 1.0000, 1.0000, 1.0000, 1.0000, 1.0000, 1.0000, 1.0000, 1.0000, 1.0000, 1.0000, 1.0000, 1.0000, 1.0000, 1.0000, 1.0000, 1.0000, 1.0000, 1.0000, 1.0000, 1.0000, 1.0000, 1.0000, 1.0000, 1.0000, 1.0000, 1.0000, 1.0000, 1.0000, 1.0000, 1.0000, 1.0000, 1.0000, 1.0000, 1.0000, 1.0000, 1.0000, 1.0000, 1.0000, 1.0000, 1.0000, 1.0000, 1.0000, 1.0000, 1.0000, 1.0000, 1.0000, 1.0000, 1.0000, 1.0000, 1.0000, 1.0000, 1.0000, 1.0000, 1.0000, 1.0000, 1.0000, 1.0000, 1.0000, 1.0000, 1.0000, 1.0000, 1.0000, 1.0000, 1.0000, 1.0000, 1.0000, 1.0000, 1.0000, 1.0000, 1.0000, 1.0000, 1.0000, 1.0000, 1.0000, 1.0000, 1.0000, 1.0000, 1.0000, 1.0000, 1.0000, 1.0000, 1.0000, 1.0000, 1.0000, 1.0000, 1.0000, 1.0000, 1.0000, 1.0000, 1.0000, 1.0000, 1.0000, 1.0000, 1.0000, 1.0000, 1.0000, 1.0000, 1.0000, 1.0000, 1.0000, 1.0000, 1.0000, 1.0000, 1.0000, 1.0000, 1.0000, 1.0000, 1.0000, 1.0000, 1.0000, 1.0000, 0.9936, 0.9872, 0.9808, 0.9744, 0.9679, 0.9615, 0.9551, 0.9487, 0.9423, 0.9359, 0.9295, 0.9231, 0.9167, 0.9103, 0.9038, 0.8974, 0.8910, 0.8846, 0.8782, 0.8718, 0.8654, 0.8590, 0.8526, 0.8462, 0.8397, 0.8333, 0.8269, 0.8205, 0.8141, 0.7949, 0.7885, 0.7821, 0.7756, 0.7692, 0.7628, 0.7564, 0.7500, 0.7436, 0.7372, 0.7308, 0.7244, 0.7179, 0.7115, 0.7051, 0.6987, 0.6923, 0.6859, 0.6795, 0.6731, 0.6667, 0.6603, 0.6538, 0.6474, 0.6410, 0.6346, 0.6282, 0.6218, 0.6154, 0.6090, 0.6026, 0.5962, 0.5897, 0.5833, 0.5769, 0.5705, 0.5641, 0.5577, 0.5513, 0.5449, 0.5321, 0.5256, 0.5192, 0.5128, 0.5064, 0.5000, 0.4936, 0.4872, 0.4808, 0.4744, 0.4679, 0.4615, 0.4551, 0.4487, 0.4423, 0.4295, 0.4231, 0.4167, 0.4103, 0.4038, 0.3974, 0.3910, 0.3846, 0.3782, 0.3718, 0.3654, 0.3590, 0.3526, 0.3462, 0.3397, 0.3333, 0.3269, 0.3205, 0.3141, 0.3077, 0.3013, 0.2949, 0.2885, 0.2821, 0.2756, 0.2692, 0.2628, 0.2564, 0.2500, 0.2436, 0.2372, 0.2308, 0.2244, 0.2179, 0.2115, 0.2051, 0.1987, 0.1923, 0.1859, 0.1795, 0.1731, 0.1667, 0.1603, 0.1538, 0.1474, 0.1410, 0.1346, 0.1282, 0.1218, 0.1154, 0.1090, 0.1026, 0.0962, 0.0897, 0.0769, 0.0705, 0.0641, 0.0577, 0.0513, 0.0449, 0.0385, 0.0321, 0.0256, 0.0192, 0.0128, 0.0000

