AUC Values
==========

100.csv:
--------
European:
Precision: 0.2174, 0.2193, 0.2212, 0.2232, 0.2252, 0.2273, 0.2294, 0.2315, 0.2336, 0.2358, 0.2381, 0.2404, 0.2427, 0.2451, 0.2475, 0.2500, 0.2525, 0.2551, 0.2577, 0.2604, 0.2632, 0.2660, 0.2688, 0.2717, 0.2747, 0.2778, 0.2809, 0.2841, 0.2874, 0.2907, 0.2941, 0.2976, 0.3012, 0.3049, 0.3086, 0.3165, 0.3205, 0.3247, 0.3289, 0.3333, 0.3378, 0.3521, 0.3571, 0.3623, 0.3676, 0.3731, 0.3788, 0.3846, 0.3906, 0.3968, 0.4032, 0.4098, 0.4167, 0.4237, 0.4310, 0.4386, 0.4464, 0.4545, 0.4630, 0.4717, 0.4808, 0.4902, 0.5000, 0.5102, 0.5208, 0.5319, 0.5217, 0.5333, 0.5455, 0.5581, 0.5714, 0.5854, 0.6000, 0.6154, 0.6316, 0.6486, 0.6667, 0.6857, 0.7059, 0.6970, 0.6875, 0.7097, 0.7333, 0.7586, 0.7857, 0.8148, 0.8077, 0.8400, 0.8333, 0.8261, 0.8636, 0.8571, 0.8500, 0.8421, 0.8333, 0.8235, 0.8125, 0.8667, 0.8571, 0.8462, 0.9167, 0.9091, 0.9000, 0.8889, 0.8750, 0.8571, 0.8333, 0.8000, 0.7500, 1.0000, 1.0000, 1.0000, 1.0000
Recall: 1.0000, 1.0000, 1.0000, 1.0000, 1.0000, 1.0000, 1.0000, 1.0000, 1.0000, 1.0000, 1.0000, 1.0000, 1.0000, 1.0000, 1.0000, 1.0000, 1.0000, 1.0000, 1.0000, 1.0000, 1.0000, 1.0000, 1.0000, 1.0000, 1.0000, 1.0000, 1.0000, 1.0000, 1.0000, 1.0000, 1.0000, 1.0000, 1.0000, 1.0000, 1.0000, 1.0000, 1.0000, 1.0000, 1.0000, 1.0000, 1.0000, 1.0000, 1.0000, 1.0000, 1.0000, 1.0000, 1.0000, 1.0000, 1.0000, 1.0000, 1.0000, 1.0000, 1.0000, 1.0000, 1.0000, 1.0000, 1.0000, 1.0000, 1.0000, 1.0000, 1.0000, 1.0000, 1.0000, 1.0000, 1.0000, 1.0000, 0.9600, 0.9600, 0.9600, 0.9600, 0.9600, 0.9600, 0.9600, 0.9600, 0.9600, 0.9600, 0.9600, 0.9600, 0.9600, 0.9200, 0.8800, 0.8800, 0.8800, 0.8800, 0.8800, 0.8800, 0.8400, 0.8400, 0.8000, 0.7600, 0.7600, 0.7200, 0.6800, 0.6400, 0.6000, 0.5600, 0.5200, 0.5200, 0.4800, 0.4400, 0.4400, 0.4000, 0.3600, 0.3200, 0.2800, 0.2400, 0.2000, 0.1600, 0.1200, 0.1200, 0.0800, 0.0400, 0.0000

African:
Precision: 0.3478, 0.3509, 0.3540, 0.3571, 0.3604, 0.3636, 0.3670, 0.3774, 0.3810, 0.3846, 0.3883, 0.3922, 0.3960, 0.4000, 0.4040, 0.4082, 0.4124, 0.4167, 0.4211, 0.4255, 0.4301, 0.4348, 0.4396, 0.4444, 0.4494, 0.4545, 0.4598, 0.4651, 0.4706, 0.4762, 0.4819, 0.4878, 0.4938, 0.5000, 0.5063, 0.5128, 0.5195, 0.5263, 0.5405, 0.5479, 0.5556, 0.5634, 0.5714, 0.5797, 0.5882, 0.5970, 0.6061, 0.6154, 0.6250, 0.6349, 0.6452, 0.6557, 0.6667, 0.6780, 0.6897, 0.7018, 0.7143, 0.7273, 0.7407, 0.7547, 0.7692, 0.7843, 0.8000, 0.8163, 0.8333, 0.8511, 0.8696, 0.8889, 0.9091, 0.9070, 0.9286, 0.9512, 0.9500, 0.9487, 0.9737, 0.9730, 0.9722, 0.9714, 0.9706, 0.9697, 0.9688, 0.9677, 0.9667, 0.9655, 0.9643, 0.9630, 0.9615, 0.9600, 0.9583, 0.9565, 0.9545, 0.9524, 0.9500, 0.9474, 0.9444, 0.9412, 0.9375, 0.9333, 0.9286, 0.9231, 0.9167, 0.9091, 0.9000, 0.8889, 0.8750, 1.0000, 1.0000, 1.0000, 1.0000, 1.0000, 1.0000, 1.0000, 1.0000
Recall: 1.0000, 1.0000, 1.0000, 1.0000, 1.0000, 1.0000, 1.0000, 1.0000, 1.0000, 1.0000, 1.0000, 1.0000, 1.0000, 1.0000, 1.0000, 1.0000, 1.0000, 1.0000, 1.0000, 1.0000, 1.0000, 1.0000, 1.0000, 1.0000, 1.0000, 1.0000, 1.0000, 1.0000, 1.0000, 1.0000, 1.0000, 1.0000, 1.0000, 1.0000, 1.0000, 1.0000, 1.0000, 1.0000, 1.0000, 1.0000, 1.0000, 1.0000, 1.0000, 1.0000, 1.0000, 1.0000, 1.0000, 1.0000, 1.0000, 1.0000, 1.0000, 1.0000, 1.0000, 1.0000, 1.0000, 1.0000, 1.0000, 1.0000, 1.0000, 1.0000, 1.0000, 1.0000, 1.0000, 1.0000, 1.0000, 1.0000, 1.0000, 1.0000, 1.0000, 0.9750, 0.9750, 0.9750, 0.9500, 0.9250, 0.9250, 0.9000, 0.8750, 0.8500, 0.8250, 0.8000, 0.7750, 0.7500, 0.7250, 0.7000, 0.6750, 0.6500, 0.6250, 0.6000, 0.5750, 0.5500, 0.5250, 0.5000, 0.4750, 0.4500, 0.4250, 0.4000, 0.3750, 0.3500, 0.3250, 0.3000, 0.2750, 0.2500, 0.2250, 0.2000, 0.1750, 0.1750, 0.1500, 0.1250, 0.1000, 0.0750, 0.0500, 0.0250, 0.0000

Asian:
Precision: 0.4348, 0.4386, 0.4425, 0.4464, 0.4505, 0.4545, 0.4587, 0.4630, 0.4579, 0.4623, 0.4667, 0.4712, 0.4757, 0.4804, 0.4851, 0.4900, 0.4949, 0.5000, 0.5052, 0.5104, 0.5158, 0.5213, 0.5269, 0.5326, 0.5385, 0.5444, 0.5506, 0.5568, 0.5632, 0.5698, 0.5765, 0.5833, 0.5904, 0.5976, 0.6049, 0.6000, 0.6076, 0.6154, 0.6234, 0.6316, 0.6400, 0.6486, 0.6575, 0.6667, 0.6761, 0.6857, 0.6957, 0.7059, 0.7164, 0.7273, 0.7385, 0.7344, 0.7460, 0.7581, 0.7541, 0.7500, 0.7627, 0.7586, 0.7544, 0.7679, 0.7818, 0.7963, 0.8113, 0.8269, 0.8431, 0.8600, 0.8776, 0.8958, 0.8936, 0.8913, 0.9111, 0.9318, 0.9302, 0.9286, 0.9512, 0.9750, 0.9744, 0.9737, 0.9730, 0.9722, 0.9714, 0.9706, 0.9697, 0.9688, 0.9677, 0.9667, 1.0000, 1.0000, 1.0000, 1.0000, 1.0000, 1.0000, 1.0000, 1.0000, 1.0000, 1.0000, 1.0000, 1.0000, 1.0000, 1.0000, 1.0000, 1.0000, 1.0000, 1.0000, 1.0000, 1.0000, 1.0000, 1.0000, 1.0000, 1.0000, 1.0000, 1.0000, 1.0000
Recall: 1.0000, 1.0000, 1.0000, 1.0000, 1.0000, 1.0000, 1.0000, 1.0000, 0.9800, 0.9800, 0.9800, 0.9800, 0.9800, 0.9800, 0.9800, 0.9800, 0.9800, 0.9800, 0.9800, 0.9800, 0.9800, 0.9800, 0.9800, 0.9800, 0.9800, 0.9800, 0.9800, 0.9800, 0.9800, 0.9800, 0.9800, 0.9800, 0.9800, 0.9800, 0.9800, 0.9600, 0.9600, 0.9600, 0.9600, 0.9600, 0.9600, 0.9600, 0.9600, 0.9600, 0.9600, 0.9600, 0.9600, 0.9600, 0.9600, 0.9600, 0.9600, 0.9400, 0.9400, 0.9400, 0.9200, 0.9000, 0.9000, 0.8800, 0.8600, 0.8600, 0.8600, 0.8600, 0.8600, 0.8600, 0.8600, 0.8600, 0.8600, 0.8600, 0.8400, 0.8200, 0.8200, 0.8200, 0.8000, 0.7800, 0.7800, 0.7800, 0.7600, 0.7400, 0.7200, 0.7000, 0.6800, 0.6600, 0.6400, 0.6200, 0.6000, 0.5800, 0.5800, 0.5600, 0.5400, 0.5200, 0.5000, 0.4800, 0.4600, 0.4400, 0.4200, 0.4000, 0.3800, 0.3600, 0.3400, 0.3200, 0.3000, 0.2800, 0.2600, 0.2400, 0.2200, 0.2000, 0.1400, 0.1200, 0.1000, 0.0800, 0.0600, 0.0400, 0.0000


10K.csv:
--------
European:
Precision: 0.2174, 0.2193, 0.2212, 0.2232, 0.2252, 0.2273, 0.2294, 0.2315, 0.2336, 0.2358, 0.2381, 0.2475, 0.2500, 0.2525, 0.2551, 0.2577, 0.2604, 0.2660, 0.2688, 0.2717, 0.2747, 0.2778, 0.2809, 0.2841, 0.2874, 0.2907, 0.2941, 0.2976, 0.3012, 0.3049, 0.3086, 0.3125, 0.3165, 0.3205, 0.3247, 0.3289, 0.3333, 0.3378, 0.3425, 0.3472, 0.3521, 0.3571, 0.3623, 0.3676, 0.3731, 0.3788, 0.3846, 0.3906, 0.3968, 0.4032, 0.4098, 0.4167, 0.4237, 0.4310, 0.4386, 0.4464, 0.4545, 0.4630, 0.4717, 0.4808, 0.4902, 0.5000, 0.5102, 0.5208, 0.5319, 0.5435, 0.5556, 0.5682, 0.5814, 0.5952, 0.6098, 0.6250, 0.6410, 0.6579, 0.6757, 0.6944, 0.7143, 0.7353, 0.7576, 0.7812, 0.8065, 0.8333, 0.8621, 0.8929, 0.9259, 0.9615, 1.0000, 1.0000, 1.0000, 1.0000, 1.0000, 1.0000, 1.0000, 1.0000, 1.0000, 1.0000, 1.0000, 1.0000, 1.0000, 1.0000, 1.0000, 1.0000, 1.0000, 1.0000, 1.0000, 1.0000, 1.0000, 1.0000, 1.0000, 1.0000, 1.0000
Recall: 1.0000, 1.0000, 1.0000, 1.0000, 1.0000, 1.0000, 1.0000, 1.0000, 1.0000, 1.0000, 1.0000, 1.0000, 1.0000, 1.0000, 1.0000, 1.0000, 1.0000, 1.0000, 1.0000, 1.0000, 1.0000, 1.0000, 1.0000, 1.0000, 1.0000, 1.0000, 1.0000, 1.0000, 1.0000, 1.0000, 1.0000, 1.0000, 1.0000, 1.0000, 1.0000, 1.0000, 1.0000, 1.0000, 1.0000, 1.0000, 1.0000, 1.0000, 1.0000, 1.0000, 1.0000, 1.0000, 1.0000, 1.0000, 1.0000, 1.0000, 1.0000, 1.0000, 1.0000, 1.0000, 1.0000, 1.0000, 1.0000, 1.0000, 1.0000, 1.0000, 1.0000, 1.0000, 1.0000, 1.0000, 1.0000, 1.0000, 1.0000, 1.0000, 1.0000, 1.0000, 1.0000, 1.0000, 1.0000, 1.0000, 1.0000, 1.0000, 1.0000, 1.0000, 1.0000, 1.0000, 1.0000, 1.0000, 1.0000, 1.0000, 1.0000, 1.0000, 1.0000, 0.9600, 0.9200, 0.8800, 0.8400, 0.8000, 0.7600, 0.7200, 0.6800, 0.6400, 0.6000, 0.5600, 0.5200, 0.4800, 0.4400, 0.4000, 0.3600, 0.3200, 0.2800, 0.2400, 0.2000, 0.1600, 0.1200, 0.0800, 0.0000

African:
Precision: 0.3478, 0.3509, 0.3540, 0.3604, 0.3636, 0.3670, 0.3704, 0.3738, 0.3774, 0.3810, 0.3846, 0.3883, 0.3922, 0.3960, 0.4000, 0.4040, 0.4082, 0.4124, 0.4167, 0.4211, 0.4255, 0.4301, 0.4348, 0.4396, 0.4444, 0.4494, 0.4545, 0.4598, 0.4651, 0.4706, 0.4762, 0.4819, 0.4878, 0.4938, 0.5000, 0.5063, 0.5128, 0.5195, 0.5263, 0.5333, 0.5405, 0.5479, 0.5556, 0.5634, 0.5714, 0.5797, 0.5882, 0.5970, 0.6061, 0.6154, 0.6250, 0.6349, 0.6452, 0.6557, 0.6667, 0.6780, 0.6897, 0.7018, 0.7143, 0.7273, 0.7407, 0.7547, 0.7692, 0.7843, 0.8000, 0.8163, 0.8333, 0.8511, 0.8696, 0.8889, 0.9091, 0.9302, 0.9524, 0.9756, 1.0000, 1.0000, 1.0000, 1.0000, 1.0000, 1.0000, 1.0000, 1.0000, 1.0000, 1.0000, 1.0000, 1.0000, 1.0000, 1.0000, 1.0000, 1.0000, 1.0000, 1.0000, 1.0000, 1.0000, 1.0000, 1.0000, 1.0000, 1.0000, 1.0000, 1.0000, 1.0000, 1.0000, 1.0000, 1.0000, 1.0000, 1.0000, 1.0000, 1.0000, 1.0000, 1.0000, 1.0000
Recall: 1.0000, 1.0000, 1.0000, 1.0000, 1.0000, 1.0000, 1.0000, 1.0000, 1.0000, 1.0000, 1.0000, 1.0000, 1.0000, 1.0000, 1.0000, 1.0000, 1.0000, 1.0000, 1.0000, 1.0000, 1.0000, 1.0000, 1.0000, 1.0000, 1.0000, 1.0000, 1.0000, 1.0000, 1.0000, 1.0000, 1.0000, 1.0000, 1.0000, 1.0000, 1.0000, 1.0000, 1.0000, 1.0000, 1.0000, 1.0000, 1.0000, 1.0000, 1.0000, 1.0000, 1.0000, 1.0000, 1.0000, 1.0000, 1.0000, 1.0000, 1.0000, 1.0000, 1.0000, 1.0000, 1.0000, 1.0000, 1.0000, 1.0000, 1.0000, 1.0000, 1.0000, 1.0000, 1.0000, 1.0000, 1.0000, 1.0000, 1.0000, 1.0000, 1.0000, 1.0000, 1.0000, 1.0000, 1.0000, 1.0000, 1.0000, 0.9750, 0.9500, 0.9250, 0.9000, 0.8750, 0.8500, 0.8250, 0.8000, 0.7750, 0.7500, 0.7250, 0.7000, 0.6750, 0.6500, 0.6250, 0.6000, 0.5750, 0.5500, 0.5250, 0.4750, 0.4500, 0.4250, 0.4000, 0.3750, 0.3500, 0.2500, 0.2250, 0.2000, 0.1750, 0.1500, 0.1250, 0.1000, 0.0750, 0.0500, 0.0250, 0.0000

Asian:
Precision: 0.4348, 0.4386, 0.4425, 0.4464, 0.4505, 0.4545, 0.4587, 0.4630, 0.4673, 0.4717, 0.4762, 0.4950, 0.5000, 0.5051, 0.5102, 0.5155, 0.5208, 0.5319, 0.5376, 0.5435, 0.5495, 0.5556, 0.5618, 0.5682, 0.5747, 0.5814, 0.5882, 0.5952, 0.6024, 0.6098, 0.6173, 0.6250, 0.6329, 0.6410, 0.6494, 0.6579, 0.6757, 0.6849, 0.6944, 0.7042, 0.7143, 0.7246, 0.7353, 0.7463, 0.7576, 0.7692, 0.7812, 0.7937, 0.8065, 0.8197, 0.8333, 0.8475, 0.8621, 0.8772, 0.8929, 0.9091, 0.9259, 0.9434, 0.9615, 0.9804, 1.0000, 1.0000, 1.0000, 1.0000, 1.0000, 1.0000, 1.0000, 1.0000, 1.0000, 1.0000, 1.0000, 1.0000, 1.0000, 1.0000, 1.0000, 1.0000, 1.0000, 1.0000, 1.0000, 1.0000, 1.0000, 1.0000, 1.0000, 1.0000, 1.0000, 1.0000, 1.0000, 1.0000, 1.0000, 1.0000, 1.0000, 1.0000, 1.0000, 1.0000, 1.0000, 1.0000, 1.0000, 1.0000, 1.0000, 1.0000, 1.0000, 1.0000, 1.0000, 1.0000, 1.0000, 1.0000, 1.0000, 1.0000, 1.0000, 1.0000, 1.0000
Recall: 1.0000, 1.0000, 1.0000, 1.0000, 1.0000, 1.0000, 1.0000, 1.0000, 1.0000, 1.0000, 1.0000, 1.0000, 1.0000, 1.0000, 1.0000, 1.0000, 1.0000, 1.0000, 1.0000, 1.0000, 1.0000, 1.0000, 1.0000, 1.0000, 1.0000, 1.0000, 1.0000, 1.0000, 1.0000, 1.0000, 1.0000, 1.0000, 1.0000, 1.0000, 1.0000, 1.0000, 1.0000, 1.0000, 1.0000, 1.0000, 1.0000, 1.0000, 1.0000, 1.0000, 1.0000, 1.0000, 1.0000, 1.0000, 1.0000, 1.0000, 1.0000, 1.0000, 1.0000, 1.0000, 1.0000, 1.0000, 1.0000, 1.0000, 1.0000, 1.0000, 1.0000, 0.9800, 0.9600, 0.9400, 0.9200, 0.9000, 0.8800, 0.8600, 0.8400, 0.8200, 0.8000, 0.7800, 0.7600, 0.7400, 0.7200, 0.7000, 0.6800, 0.6600, 0.6400, 0.6200, 0.6000, 0.5800, 0.5600, 0.5400, 0.5200, 0.5000, 0.4800, 0.4600, 0.4400, 0.4200, 0.4000, 0.3800, 0.3600, 0.3400, 0.3200, 0.3000, 0.2800, 0.2600, 0.2400, 0.2200, 0.2000, 0.1800, 0.1600, 0.1400, 0.1200, 0.1000, 0.0800, 0.0600, 0.0400, 0.0200, 0.0000


1K.csv:
-------
European:
Precision: 0.2174, 0.2193, 0.2212, 0.2232, 0.2273, 0.2294, 0.2315, 0.2358, 0.2381, 0.2404, 0.2427, 0.2451, 0.2475, 0.2500, 0.2525, 0.2551, 0.2577, 0.2604, 0.2632, 0.2660, 0.2688, 0.2717, 0.2747, 0.2778, 0.2809, 0.2841, 0.2874, 0.2907, 0.2941, 0.2976, 0.3012, 0.3049, 0.3086, 0.3125, 0.3165, 0.3205, 0.3247, 0.3289, 0.3333, 0.3378, 0.3425, 0.3472, 0.3521, 0.3571, 0.3623, 0.3676, 0.3731, 0.3788, 0.3846, 0.3906, 0.3968, 0.4032, 0.4098, 0.4167, 0.4237, 0.4310, 0.4386, 0.4464, 0.4545, 0.4630, 0.4717, 0.4808, 0.4902, 0.5000, 0.5102, 0.5208, 0.5319, 0.5435, 0.5556, 0.5682, 0.5814, 0.5952, 0.6098, 0.6250, 0.6410, 0.6579, 0.6757, 0.6944, 0.7143, 0.7353, 0.7576, 0.7812, 0.8065, 0.8333, 0.8621, 0.8571, 0.8889, 0.8846, 0.8800, 0.9167, 0.9130, 0.9545, 0.9524, 0.9500, 0.9474, 0.9444, 0.9412, 0.9375, 0.9333, 0.9286, 0.9231, 0.9167, 0.9091, 0.9000, 0.8889, 0.8750, 0.8571, 1.0000, 1.0000, 1.0000, 1.0000, 1.0000, 1.0000, 1.0000
Recall: 1.0000, 1.0000, 1.0000, 1.0000, 1.0000, 1.0000, 1.0000, 1.0000, 1.0000, 1.0000, 1.0000, 1.0000, 1.0000, 1.0000, 1.0000, 1.0000, 1.0000, 1.0000, 1.0000, 1.0000, 1.0000, 1.0000, 1.0000, 1.0000, 1.0000, 1.0000, 1.0000, 1.0000, 1.0000, 1.0000, 1.0000, 1.0000, 1.0000, 1.0000, 1.0000, 1.0000, 1.0000, 1.0000, 1.0000, 1.0000, 1.0000, 1.0000, 1.0000, 1.0000, 1.0000, 1.0000, 1.0000, 1.0000, 1.0000, 1.0000, 1.0000, 1.0000, 1.0000, 1.0000, 1.0000, 1.0000, 1.0000, 1.0000, 1.0000, 1.0000, 1.0000, 1.0000, 1.0000, 1.0000, 1.0000, 1.0000, 1.0000, 1.0000, 1.0000, 1.0000, 1.0000, 1.0000, 1.0000, 1.0000, 1.0000, 1.0000, 1.0000, 1.0000, 1.0000, 1.0000, 1.0000, 1.0000, 1.0000, 1.0000, 1.0000, 0.9600, 0.9600, 0.9200, 0.8800, 0.8800, 0.8400, 0.8400, 0.8000, 0.7600, 0.7200, 0.6800, 0.6400, 0.6000, 0.5600, 0.5200, 0.4800, 0.4400, 0.4000, 0.3600, 0.3200, 0.2800, 0.2400, 0.2400, 0.2000, 0.1600, 0.1200, 0.0800, 0.0400, 0.0000

African:
Precision: 0.3478, 0.3509, 0.3540, 0.3571, 0.3604, 0.3636, 0.3670, 0.3704, 0.3738, 0.3774, 0.3810, 0.3846, 0.3883, 0.3922, 0.3960, 0.4000, 0.4040, 0.4082, 0.4124, 0.4167, 0.4211, 0.4255, 0.4301, 0.4348, 0.4396, 0.4444, 0.4494, 0.4545, 0.4598, 0.4651, 0.4706, 0.4762, 0.4819, 0.4878, 0.4938, 0.5000, 0.5063, 0.5128, 0.5195, 0.5263, 0.5333, 0.5405, 0.5479, 0.5556, 0.5634, 0.5714, 0.5797, 0.5882, 0.5970, 0.6061, 0.6154, 0.6250, 0.6349, 0.6452, 0.6557, 0.6667, 0.6780, 0.6897, 0.6842, 0.6964, 0.7091, 0.7222, 0.7358, 0.7500, 0.7647, 0.7800, 0.7959, 0.8125, 0.8298, 0.8478, 0.8667, 0.8864, 0.8837, 0.9048, 0.9268, 0.9500, 0.9744, 1.0000, 1.0000, 1.0000, 1.0000, 1.0000, 1.0000, 1.0000, 1.0000, 1.0000, 1.0000, 1.0000, 1.0000, 1.0000, 1.0000, 1.0000, 1.0000, 1.0000, 1.0000, 1.0000, 1.0000, 1.0000, 1.0000, 1.0000, 1.0000, 1.0000, 1.0000, 1.0000, 1.0000, 1.0000, 1.0000, 1.0000, 1.0000, 1.0000, 1.0000, 1.0000, 1.0000, 1.0000
Recall: 1.0000, 1.0000, 1.0000, 1.0000, 1.0000, 1.0000, 1.0000, 1.0000, 1.0000, 1.0000, 1.0000, 1.0000, 1.0000, 1.0000, 1.0000, 1.0000, 1.0000, 1.0000, 1.0000, 1.0000, 1.0000, 1.0000, 1.0000, 1.0000, 1.0000, 1.0000, 1.0000, 1.0000, 1.0000, 1.0000, 1.0000, 1.0000, 1.0000, 1.0000, 1.0000, 1.0000, 1.0000, 1.0000, 1.0000, 1.0000, 1.0000, 1.0000, 1.0000, 1.0000, 1.0000, 1.0000, 1.0000, 1.0000, 1.0000, 1.0000, 1.0000, 1.0000, 1.0000, 1.0000, 1.0000, 1.0000, 1.0000, 1.0000, 0.9750, 0.9750, 0.9750, 0.9750, 0.9750, 0.9750, 0.9750, 0.9750, 0.9750, 0.9750, 0.9750, 0.9750, 0.9750, 0.9750, 0.9500, 0.9500, 0.9500, 0.9500, 0.9500, 0.9500, 0.9250, 0.9000, 0.8750, 0.8500, 0.8250, 0.8000, 0.7750, 0.7500, 0.7250, 0.7000, 0.6750, 0.6500, 0.6250, 0.6000, 0.5750, 0.5500, 0.5250, 0.5000, 0.4750, 0.4500, 0.4250, 0.4000, 0.3750, 0.3500, 0.3250, 0.3000, 0.2750, 0.2500, 0.2250, 0.1750, 0.1500, 0.1250, 0.0750, 0.0500, 0.0250, 0.0000

Asian:
Precision: 0.4348, 0.4386, 0.4425, 0.4464, 0.4545, 0.4587, 0.4630, 0.4717, 0.4762, 0.4808, 0.4854, 0.4902, 0.4950, 0.5000, 0.5051, 0.5102, 0.5155, 0.5208, 0.5263, 0.5319, 0.5376, 0.5435, 0.5495, 0.5556, 0.5618, 0.5682, 0.5747, 0.5814, 0.5882, 0.5952, 0.6024, 0.6098, 0.6173, 0.6250, 0.6329, 0.6410, 0.6494, 0.6579, 0.6667, 0.6757, 0.6849, 0.6944, 0.7042, 0.7143, 0.7246, 0.7353, 0.7463, 0.7576, 0.7692, 0.7812, 0.7937, 0.8065, 0.8197, 0.8333, 0.8475, 0.8621, 0.8772, 0.8929, 0.9091, 0.9259, 0.9434, 0.9423, 0.9608, 0.9800, 0.9796, 1.0000, 1.0000, 1.0000, 1.0000, 1.0000, 1.0000, 1.0000, 1.0000, 1.0000, 1.0000, 1.0000, 1.0000, 1.0000, 1.0000, 1.0000, 1.0000, 1.0000, 1.0000, 1.0000, 1.0000, 1.0000, 1.0000, 1.0000, 1.0000, 1.0000, 1.0000, 1.0000, 1.0000, 1.0000, 1.0000, 1.0000, 1.0000, 1.0000, 1.0000, 1.0000, 1.0000, 1.0000, 1.0000, 1.0000, 1.0000, 1.0000, 1.0000, 1.0000, 1.0000, 1.0000, 1.0000, 1.0000, 1.0000, 1.0000
Recall: 1.0000, 1.0000, 1.0000, 1.0000, 1.0000, 1.0000, 1.0000, 1.0000, 1.0000, 1.0000, 1.0000, 1.0000, 1.0000, 1.0000, 1.0000, 1.0000, 1.0000, 1.0000, 1.0000, 1.0000, 1.0000, 1.0000, 1.0000, 1.0000, 1.0000, 1.0000, 1.0000, 1.0000, 1.0000, 1.0000, 1.0000, 1.0000, 1.0000, 1.0000, 1.0000, 1.0000, 1.0000, 1.0000, 1.0000, 1.0000, 1.0000, 1.0000, 1.0000, 1.0000, 1.0000, 1.0000, 1.0000, 1.0000, 1.0000, 1.0000, 1.0000, 1.0000, 1.0000, 1.0000, 1.0000, 1.0000, 1.0000, 1.0000, 1.0000, 1.0000, 1.0000, 0.9800, 0.9800, 0.9800, 0.9600, 0.9600, 0.9400, 0.9200, 0.9000, 0.8800, 0.8600, 0.8400, 0.8200, 0.8000, 0.7800, 0.7600, 0.7400, 0.7200, 0.7000, 0.6800, 0.6600, 0.6400, 0.6200, 0.6000, 0.5800, 0.5600, 0.5400, 0.5200, 0.5000, 0.4800, 0.4600, 0.4400, 0.4200, 0.4000, 0.3800, 0.3600, 0.3400, 0.3200, 0.3000, 0.2800, 0.2600, 0.2400, 0.2200, 0.2000, 0.1800, 0.1600, 0.1400, 0.1200, 0.1000, 0.0800, 0.0600, 0.0400, 0.0200, 0.0000


300K.csv:
---------
European:
Precision: 0.2174, 0.2193, 0.2212, 0.2232, 0.2294, 0.2336, 0.2358, 0.2381, 0.2451, 0.2551, 0.2577, 0.2632, 0.2660, 0.2809, 0.2841, 0.2874, 0.2941, 0.3086, 0.3125, 0.3205, 0.3247, 0.3289, 0.3333, 0.3378, 0.3425, 0.3472, 0.3521, 0.3571, 0.3623, 0.3676, 0.3731, 0.3788, 0.3846, 0.3906, 0.3968, 0.4032, 0.4098, 0.4167, 0.4237, 0.4386, 0.4464, 0.4545, 0.4630, 0.4717, 0.4808, 0.4902, 0.5000, 0.5102, 0.5208, 0.5319, 0.5435, 0.5556, 0.5682, 0.5814, 0.5952, 0.6098, 0.6250, 0.6410, 0.6579, 0.6757, 0.6944, 0.7143, 0.7353, 0.7576, 0.7812, 0.8065, 0.8333, 0.8621, 0.8929, 0.9259, 0.9615, 1.0000, 1.0000, 1.0000, 1.0000, 1.0000, 1.0000, 1.0000, 1.0000, 1.0000, 1.0000, 1.0000, 1.0000, 1.0000, 1.0000, 1.0000, 1.0000, 1.0000, 1.0000, 1.0000, 1.0000, 1.0000, 1.0000, 1.0000, 1.0000, 1.0000
Recall: 1.0000, 1.0000, 1.0000, 1.0000, 1.0000, 1.0000, 1.0000, 1.0000, 1.0000, 1.0000, 1.0000, 1.0000, 1.0000, 1.0000, 1.0000, 1.0000, 1.0000, 1.0000, 1.0000, 1.0000, 1.0000, 1.0000, 1.0000, 1.0000, 1.0000, 1.0000, 1.0000, 1.0000, 1.0000, 1.0000, 1.0000, 1.0000, 1.0000, 1.0000, 1.0000, 1.0000, 1.0000, 1.0000, 1.0000, 1.0000, 1.0000, 1.0000, 1.0000, 1.0000, 1.0000, 1.0000, 1.0000, 1.0000, 1.0000, 1.0000, 1.0000, 1.0000, 1.0000, 1.0000, 1.0000, 1.0000, 1.0000, 1.0000, 1.0000, 1.0000, 1.0000, 1.0000, 1.0000, 1.0000, 1.0000, 1.0000, 1.0000, 1.0000, 1.0000, 1.0000, 1.0000, 1.0000, 0.9600, 0.9200, 0.8800, 0.8400, 0.8000, 0.7600, 0.7200, 0.6800, 0.6400, 0.6000, 0.5600, 0.5200, 0.4800, 0.4400, 0.4000, 0.3600, 0.3200, 0.2800, 0.2400, 0.2000, 0.1600, 0.1200, 0.0800, 0.0000

African:
Precision: 0.3478, 0.3509, 0.3540, 0.3604, 0.3636, 0.3670, 0.3704, 0.3738, 0.3774, 0.3810, 0.3846, 0.3883, 0.3922, 0.3960, 0.4000, 0.4040, 0.4082, 0.4124, 0.4167, 0.4211, 0.4255, 0.4301, 0.4348, 0.4396, 0.4444, 0.4494, 0.4545, 0.4598, 0.4651, 0.4706, 0.4762, 0.4819, 0.4878, 0.4938, 0.5000, 0.5063, 0.5128, 0.5195, 0.5263, 0.5333, 0.5405, 0.5479, 0.5556, 0.5634, 0.5714, 0.5882, 0.5970, 0.6061, 0.6154, 0.6250, 0.6349, 0.6452, 0.6557, 0.6667, 0.6780, 0.6897, 0.7018, 0.7143, 0.7273, 0.7407, 0.7547, 0.7692, 0.7843, 0.8000, 0.8163, 0.8333, 0.8511, 0.8696, 0.8889, 0.9091, 0.9302, 0.9524, 0.9756, 1.0000, 1.0000, 1.0000, 1.0000, 1.0000, 1.0000, 1.0000, 1.0000, 1.0000, 1.0000, 1.0000, 1.0000, 1.0000, 1.0000, 1.0000, 1.0000, 1.0000, 1.0000, 1.0000, 1.0000, 1.0000, 1.0000
Recall: 1.0000, 1.0000, 1.0000, 1.0000, 1.0000, 1.0000, 1.0000, 1.0000, 1.0000, 1.0000, 1.0000, 1.0000, 1.0000, 1.0000, 1.0000, 1.0000, 1.0000, 1.0000, 1.0000, 1.0000, 1.0000, 1.0000, 1.0000, 1.0000, 1.0000, 1.0000, 1.0000, 1.0000, 1.0000, 1.0000, 1.0000, 1.0000, 1.0000, 1.0000, 1.0000, 1.0000, 1.0000, 1.0000, 1.0000, 1.0000, 1.0000, 1.0000, 1.0000, 1.0000, 1.0000, 1.0000, 1.0000, 1.0000, 1.0000, 1.0000, 1.0000, 1.0000, 1.0000, 1.0000, 1.0000, 1.0000, 1.0000, 1.0000, 1.0000, 1.0000, 1.0000, 1.0000, 1.0000, 1.0000, 1.0000, 1.0000, 1.0000, 1.0000, 1.0000, 1.0000, 1.0000, 1.0000, 1.0000, 1.0000, 0.9750, 0.9500, 0.9250, 0.8750, 0.8500, 0.7500, 0.7000, 0.6750, 0.6500, 0.5250, 0.5000, 0.4500, 0.4250, 0.3250, 0.2500, 0.2250, 0.2000, 0.1500, 0.0500, 0.0250, 0.0000

Asian:
Precision: 0.4348, 0.4386, 0.4425, 0.4464, 0.4587, 0.4673, 0.4717, 0.4762, 0.4902, 0.5102, 0.5155, 0.5263, 0.5319, 0.5618, 0.5682, 0.5747, 0.5882, 0.6173, 0.6250, 0.6410, 0.6494, 0.6579, 0.6667, 0.6849, 0.6944, 0.7042, 0.7143, 0.7246, 0.7353, 0.7463, 0.7576, 0.7692, 0.7812, 0.7937, 0.8065, 0.8197, 0.8333, 0.8475, 0.8621, 0.8772, 0.8929, 0.9091, 0.9259, 0.9434, 0.9615, 0.9804, 1.0000, 1.0000, 1.0000, 1.0000, 1.0000, 1.0000, 1.0000, 1.0000, 1.0000, 1.0000, 1.0000, 1.0000, 1.0000, 1.0000, 1.0000, 1.0000, 1.0000, 1.0000, 1.0000, 1.0000, 1.0000, 1.0000, 1.0000, 1.0000, 1.0000, 1.0000, 1.0000, 1.0000, 1.0000, 1.0000, 1.0000, 1.0000, 1.0000, 1.0000, 1.0000, 1.0000, 1.0000, 1.0000, 1.0000, 1.0000, 1.0000, 1.0000, 1.0000, 1.0000, 1.0000, 1.0000, 1.0000, 1.0000, 1.0000, 1.0000
Recall: 1.0000, 1.0000, 1.0000, 1.0000, 1.0000, 1.0000, 1.0000, 1.0000, 1.0000, 1.0000, 1.0000, 1.0000, 1.0000, 1.0000, 1.0000, 1.0000, 1.0000, 1.0000, 1.0000, 1.0000, 1.0000, 1.0000, 1.0000, 1.0000, 1.0000, 1.0000, 1.0000, 1.0000, 1.0000, 1.0000, 1.0000, 1.0000, 1.0000, 1.0000, 1.0000, 1.0000, 1.0000, 1.0000, 1.0000, 1.0000, 1.0000, 1.0000, 1.0000, 1.0000, 1.0000, 1.0000, 1.0000, 0.9800, 0.9600, 0.9400, 0.9200, 0.9000, 0.8800, 0.8600, 0.8400, 0.8200, 0.8000, 0.7800, 0.7600, 0.7400, 0.7200, 0.7000, 0.6800, 0.6600, 0.6400, 0.6200, 0.6000, 0.5800, 0.5600, 0.5400, 0.5200, 0.5000, 0.4800, 0.4600, 0.4400, 0.4200, 0.4000, 0.3800, 0.3600, 0.3200, 0.3000, 0.2800, 0.2600, 0.2400, 0.2200, 0.2000, 0.1800, 0.1600, 0.1400, 0.1200, 0.1000, 0.0800, 0.0600, 0.0400, 0.0200, 0.0000


50K.csv:
--------
European:
Precision: 0.2174, 0.2193, 0.2232, 0.2252, 0.2294, 0.2315, 0.2336, 0.2475, 0.2500, 0.2525, 0.2551, 0.2577, 0.2604, 0.2632, 0.2660, 0.2688, 0.2717, 0.2747, 0.2778, 0.2874, 0.2907, 0.2941, 0.3012, 0.3049, 0.3086, 0.3125, 0.3165, 0.3205, 0.3247, 0.3289, 0.3333, 0.3378, 0.3472, 0.3521, 0.3571, 0.3676, 0.3731, 0.3788, 0.3846, 0.3906, 0.3968, 0.4032, 0.4098, 0.4167, 0.4237, 0.4310, 0.4386, 0.4464, 0.4545, 0.4630, 0.4717, 0.4808, 0.4902, 0.5000, 0.5102, 0.5208, 0.5319, 0.5435, 0.5556, 0.5682, 0.5814, 0.5952, 0.6250, 0.6410, 0.6579, 0.6757, 0.6944, 0.7143, 0.7353, 0.7576, 0.7812, 0.8065, 0.8333, 0.8621, 0.8929, 0.9259, 0.9615, 1.0000, 1.0000, 1.0000, 1.0000, 1.0000, 1.0000, 1.0000, 1.0000, 1.0000, 1.0000, 1.0000, 1.0000, 1.0000, 1.0000, 1.0000, 1.0000, 1.0000, 1.0000, 1.0000, 1.0000, 1.0000, 1.0000, 1.0000, 1.0000, 1.0000, 1.0000
Recall: 1.0000, 1.0000, 1.0000, 1.0000, 1.0000, 1.0000, 1.0000, 1.0000, 1.0000, 1.0000, 1.0000, 1.0000, 1.0000, 1.0000, 1.0000, 1.0000, 1.0000, 1.0000, 1.0000, 1.0000, 1.0000, 1.0000, 1.0000, 1.0000, 1.0000, 1.0000, 1.0000, 1.0000, 1.0000, 1.0000, 1.0000, 1.0000, 1.0000, 1.0000, 1.0000, 1.0000, 1.0000, 1.0000, 1.0000, 1.0000, 1.0000, 1.0000, 1.0000, 1.0000, 1.0000, 1.0000, 1.0000, 1.0000, 1.0000, 1.0000, 1.0000, 1.0000, 1.0000, 1.0000, 1.0000, 1.0000, 1.0000, 1.0000, 1.0000, 1.0000, 1.0000, 1.0000, 1.0000, 1.0000, 1.0000, 1.0000, 1.0000, 1.0000, 1.0000, 1.0000, 1.0000, 1.0000, 1.0000, 1.0000, 1.0000, 1.0000, 1.0000, 1.0000, 0.9600, 0.9200, 0.8800, 0.8400, 0.8000, 0.7600, 0.7200, 0.6800, 0.6400, 0.6000, 0.5600, 0.5200, 0.4800, 0.4400, 0.4000, 0.3600, 0.3200, 0.2800, 0.2400, 0.2000, 0.1600, 0.1200, 0.0800, 0.0400, 0.0000

African:
Precision: 0.3478, 0.3509, 0.3540, 0.3571, 0.3604, 0.3636, 0.3670, 0.3704, 0.3738, 0.3774, 0.3810, 0.3846, 0.3883, 0.3922, 0.3960, 0.4000, 0.4040, 0.4082, 0.4124, 0.4167, 0.4211, 0.4301, 0.4348, 0.4396, 0.4444, 0.4494, 0.4545, 0.4598, 0.4651, 0.4706, 0.4762, 0.4819, 0.4878, 0.4938, 0.5000, 0.5063, 0.5195, 0.5263, 0.5333, 0.5405, 0.5479, 0.5556, 0.5634, 0.5714, 0.5797, 0.5882, 0.5970, 0.6154, 0.6250, 0.6349, 0.6452, 0.6557, 0.6667, 0.6780, 0.6897, 0.7018, 0.7143, 0.7273, 0.7407, 0.7547, 0.7692, 0.7843, 0.8000, 0.8163, 0.8333, 0.8511, 0.8696, 0.8889, 0.9091, 0.9302, 0.9524, 0.9756, 1.0000, 1.0000, 1.0000, 1.0000, 1.0000, 1.0000, 1.0000, 1.0000, 1.0000, 1.0000, 1.0000, 1.0000, 1.0000, 1.0000, 1.0000, 1.0000, 1.0000, 1.0000, 1.0000, 1.0000, 1.0000, 1.0000, 1.0000, 1.0000, 1.0000, 1.0000, 1.0000, 1.0000, 1.0000, 1.0000
Recall: 1.0000, 1.0000, 1.0000, 1.0000, 1.0000, 1.0000, 1.0000, 1.0000, 1.0000, 1.0000, 1.0000, 1.0000, 1.0000, 1.0000, 1.0000, 1.0000, 1.0000, 1.0000, 1.0000, 1.0000, 1.0000, 1.0000, 1.0000, 1.0000, 1.0000, 1.0000, 1.0000, 1.0000, 1.0000, 1.0000, 1.0000, 1.0000, 1.0000, 1.0000, 1.0000, 1.0000, 1.0000, 1.0000, 1.0000, 1.0000, 1.0000, 1.0000, 1.0000, 1.0000, 1.0000, 1.0000, 1.0000, 1.0000, 1.0000, 1.0000, 1.0000, 1.0000, 1.0000, 1.0000, 1.0000, 1.0000, 1.0000, 1.0000, 1.0000, 1.0000, 1.0000, 1.0000, 1.0000, 1.0000, 1.0000, 1.0000, 1.0000, 1.0000, 1.0000, 1.0000, 1.0000, 1.0000, 1.0000, 0.9750, 0.9500, 0.9250, 0.9000, 0.8750, 0.8500, 0.8250, 0.8000, 0.7500, 0.7250, 0.7000, 0.6250, 0.5750, 0.5500, 0.5250, 0.5000, 0.4750, 0.4500, 0.4250, 0.4000, 0.3750, 0.3500, 0.2000, 0.1750, 0.1500, 0.1000, 0.0750, 0.0250, 0.0000

Asian:
Precision: 0.4348, 0.4386, 0.4464, 0.4505, 0.4587, 0.4630, 0.4673, 0.4950, 0.5000, 0.5051, 0.5102, 0.5155, 0.5208, 0.5263, 0.5319, 0.5376, 0.5435, 0.5495, 0.5556, 0.5747, 0.5814, 0.5882, 0.6024, 0.6098, 0.6173, 0.6250, 0.6329, 0.6410, 0.6494, 0.6579, 0.6667, 0.6757, 0.6849, 0.6944, 0.7042, 0.7143, 0.7246, 0.7353, 0.7463, 0.7576, 0.7692, 0.7812, 0.7937, 0.8065, 0.8197, 0.8333, 0.8475, 0.8621, 0.8772, 0.8929, 0.9091, 0.9259, 0.9434, 0.9615, 0.9804, 1.0000, 1.0000, 1.0000, 1.0000, 1.0000, 1.0000, 1.0000, 1.0000, 1.0000, 1.0000, 1.0000, 1.0000, 1.0000, 1.0000, 1.0000, 1.0000, 1.0000, 1.0000, 1.0000, 1.0000, 1.0000, 1.0000, 1.0000, 1.0000, 1.0000, 1.0000, 1.0000, 1.0000, 1.0000, 1.0000, 1.0000, 1.0000, 1.0000, 1.0000, 1.0000, 1.0000, 1.0000, 1.0000, 1.0000, 1.0000, 1.0000, 1.0000, 1.0000, 1.0000, 1.0000, 1.0000, 1.0000, 1.0000
Recall: 1.0000, 1.0000, 1.0000, 1.0000, 1.0000, 1.0000, 1.0000, 1.0000, 1.0000, 1.0000, 1.0000, 1.0000, 1.0000, 1.0000, 1.0000, 1.0000, 1.0000, 1.0000, 1.0000, 1.0000, 1.0000, 1.0000, 1.0000, 1.0000, 1.0000, 1.0000, 1.0000, 1.0000, 1.0000, 1.0000, 1.0000, 1.0000, 1.0000, 1.0000, 1.0000, 1.0000, 1.0000, 1.0000, 1.0000, 1.0000, 1.0000, 1.0000, 1.0000, 1.0000, 1.0000, 1.0000, 1.0000, 1.0000, 1.0000, 1.0000, 1.0000, 1.0000, 1.0000, 1.0000, 1.0000, 1.0000, 0.9800, 0.9600, 0.9400, 0.9200, 0.9000, 0.8800, 0.8600, 0.8400, 0.8200, 0.8000, 0.7800, 0.7600, 0.7400, 0.7200, 0.6800, 0.6600, 0.6400, 0.6200, 0.6000, 0.5800, 0.5600, 0.5400, 0.5200, 0.5000, 0.4800, 0.4600, 0.4400, 0.4200, 0.4000, 0.3800, 0.3600, 0.3400, 0.3200, 0.3000, 0.2800, 0.2600, 0.2400, 0.2200, 0.2000, 0.1800, 0.1600, 0.1200, 0.1000, 0.0800, 0.0400, 0.0200, 0.0000

