AUC Values
==========

100.csv:
--------
European:
Precision: 0.2275, 0.2282, 0.2288, 0.2295, 0.2301, 0.2308, 0.2314, 0.2321, 0.2328, 0.2334, 0.2341, 0.2348, 0.2355, 0.2362, 0.2375, 0.2382, 0.2389, 0.2396, 0.2404, 0.2447, 0.2455, 0.2462, 0.2470, 0.2477, 0.2485, 0.2492, 0.2500, 0.2508, 0.2516, 0.2523, 0.2531, 0.2539, 0.2547, 0.2555, 0.2563, 0.2571, 0.2580, 0.2588, 0.2596, 0.2605, 0.2613, 0.2621, 0.2630, 0.2638, 0.2647, 0.2656, 0.2664, 0.2673, 0.2682, 0.2691, 0.2700, 0.2709, 0.2718, 0.2727, 0.2736, 0.2746, 0.2755, 0.2765, 0.2774, 0.2784, 0.2793, 0.2803, 0.2812, 0.2822, 0.2832, 0.2842, 0.2852, 0.2862, 0.2872, 0.2883, 0.2893, 0.2903, 0.2914, 0.2924, 0.2935, 0.2945, 0.2956, 0.2967, 0.2978, 0.2989, 0.3022, 0.3034, 0.3045, 0.3057, 0.3068, 0.3080, 0.3092, 0.3103, 0.3115, 0.3127, 0.3140, 0.3152, 0.3164, 0.3176, 0.3189, 0.3202, 0.3214, 0.3240, 0.3253, 0.3266, 0.3279, 0.3293, 0.3306, 0.3320, 0.3333, 0.3347, 0.3361, 0.3375, 0.3389, 0.3403, 0.3418, 0.3432, 0.3447, 0.3462, 0.3476, 0.3491, 0.3506, 0.3522, 0.3537, 0.3553, 0.3568, 0.3584, 0.3600, 0.3616, 0.3632, 0.3649, 0.3665, 0.3682, 0.3699, 0.3716, 0.3803, 0.3821, 0.3839, 0.3857, 0.3876, 0.3846, 0.3865, 0.3883, 0.3902, 0.3922, 0.3941, 0.3960, 0.3980, 0.4000, 0.4020, 0.4040, 0.4061, 0.4082, 0.4103, 0.4124, 0.4093, 0.4115, 0.4136, 0.4105, 0.4127, 0.4149, 0.4171, 0.4194, 0.4216, 0.4239, 0.4262, 0.4286, 0.4309, 0.4333, 0.4358, 0.4382, 0.4350, 0.4375, 0.4400, 0.4425, 0.4393, 0.4419, 0.4444, 0.4471, 0.4497, 0.4524, 0.4551, 0.4578, 0.4606, 0.4573, 0.4601, 0.4630, 0.4658, 0.4688, 0.4717, 0.4747, 0.4713, 0.4744, 0.4774, 0.4805, 0.4771, 0.4737, 0.4768, 0.4800, 0.4832, 0.4865, 0.4898, 0.4932, 0.4966, 0.5000, 0.5035, 0.5070, 0.5106, 0.5143, 0.5180, 0.5145, 0.5182, 0.5221, 0.5259, 0.5299, 0.5338, 0.5379, 0.5420, 0.5462, 0.5504, 0.5547, 0.5591, 0.5635, 0.5680, 0.5726, 0.5691, 0.5738, 0.5785, 0.5833, 0.5882, 0.5932, 0.5983, 0.6034, 0.6087, 0.6140, 0.6195, 0.6250, 0.6306, 0.6273, 0.6330, 0.6296, 0.6262, 0.6226, 0.6286, 0.6346, 0.6408, 0.6471, 0.6436, 0.6400, 0.6364, 0.6327, 0.6392, 0.6354, 0.6421, 0.6383, 0.6344, 0.6413, 0.6484, 0.6444, 0.6517, 0.6591, 0.6552, 0.6628, 0.6706, 0.6667, 0.6627, 0.6585, 0.6543, 0.6625, 0.6709, 1.0000
Recall: 1.0000, 1.0000, 1.0000, 1.0000, 1.0000, 1.0000, 1.0000, 1.0000, 1.0000, 1.0000, 1.0000, 1.0000, 1.0000, 1.0000, 1.0000, 1.0000, 1.0000, 1.0000, 1.0000, 1.0000, 1.0000, 1.0000, 1.0000, 1.0000, 1.0000, 1.0000, 1.0000, 1.0000, 1.0000, 1.0000, 1.0000, 1.0000, 1.0000, 1.0000, 1.0000, 1.0000, 1.0000, 1.0000, 1.0000, 1.0000, 1.0000, 1.0000, 1.0000, 1.0000, 1.0000, 1.0000, 1.0000, 1.0000, 1.0000, 1.0000, 1.0000, 1.0000, 1.0000, 1.0000, 1.0000, 1.0000, 1.0000, 1.0000, 1.0000, 1.0000, 1.0000, 1.0000, 1.0000, 1.0000, 1.0000, 1.0000, 1.0000, 1.0000, 1.0000, 1.0000, 1.0000, 1.0000, 1.0000, 1.0000, 1.0000, 1.0000, 1.0000, 1.0000, 1.0000, 1.0000, 1.0000, 1.0000, 1.0000, 1.0000, 1.0000, 1.0000, 1.0000, 1.0000, 1.0000, 1.0000, 1.0000, 1.0000, 1.0000, 1.0000, 1.0000, 1.0000, 1.0000, 1.0000, 1.0000, 1.0000, 1.0000, 1.0000, 1.0000, 1.0000, 1.0000, 1.0000, 1.0000, 1.0000, 1.0000, 1.0000, 1.0000, 1.0000, 1.0000, 1.0000, 1.0000, 1.0000, 1.0000, 1.0000, 1.0000, 1.0000, 1.0000, 1.0000, 1.0000, 1.0000, 1.0000, 1.0000, 1.0000, 1.0000, 1.0000, 1.0000, 1.0000, 1.0000, 1.0000, 1.0000, 1.0000, 0.9877, 0.9877, 0.9877, 0.9877, 0.9877, 0.9877, 0.9877, 0.9877, 0.9877, 0.9877, 0.9877, 0.9877, 0.9877, 0.9877, 0.9877, 0.9753, 0.9753, 0.9753, 0.9630, 0.9630, 0.9630, 0.9630, 0.9630, 0.9630, 0.9630, 0.9630, 0.9630, 0.9630, 0.9630, 0.9630, 0.9630, 0.9506, 0.9506, 0.9506, 0.9506, 0.9383, 0.9383, 0.9383, 0.9383, 0.9383, 0.9383, 0.9383, 0.9383, 0.9383, 0.9259, 0.9259, 0.9259, 0.9259, 0.9259, 0.9259, 0.9259, 0.9136, 0.9136, 0.9136, 0.9136, 0.9012, 0.8889, 0.8889, 0.8889, 0.8889, 0.8889, 0.8889, 0.8889, 0.8889, 0.8889, 0.8889, 0.8889, 0.8889, 0.8889, 0.8889, 0.8765, 0.8765, 0.8765, 0.8765, 0.8765, 0.8765, 0.8765, 0.8765, 0.8765, 0.8765, 0.8765, 0.8765, 0.8765, 0.8765, 0.8765, 0.8642, 0.8642, 0.8642, 0.8642, 0.8642, 0.8642, 0.8642, 0.8642, 0.8642, 0.8642, 0.8642, 0.8642, 0.8642, 0.8519, 0.8519, 0.8395, 0.8272, 0.8148, 0.8148, 0.8148, 0.8148, 0.8148, 0.8025, 0.7901, 0.7778, 0.7654, 0.7654, 0.7531, 0.7531, 0.7407, 0.7284, 0.7284, 0.7284, 0.7160, 0.7160, 0.7160, 0.7037, 0.7037, 0.7037, 0.6914, 0.6790, 0.6667, 0.6543, 0.6543, 0.6543, 0.0000

African:
Precision: 0.3427, 0.3547, 0.3557, 0.3567, 0.3588, 0.3599, 0.3609, 0.3620, 0.3631, 0.3642, 0.3653, 0.3664, 0.3675, 0.3686, 0.3697, 0.3708, 0.3720, 0.3731, 0.3742, 0.3754, 0.3765, 0.3777, 0.3789, 0.3801, 0.3812, 0.3824, 0.3836, 0.3849, 0.3861, 0.3873, 0.3885, 0.3898, 0.3910, 0.3923, 0.3987, 0.4000, 0.4013, 0.4026, 0.4040, 0.4053, 0.4067, 0.4080, 0.4094, 0.4108, 0.4122, 0.4136, 0.4150, 0.4164, 0.4178, 0.4192, 0.4207, 0.4221, 0.4236, 0.4251, 0.4266, 0.4281, 0.4296, 0.4311, 0.4326, 0.4342, 0.4357, 0.4373, 0.4388, 0.4404, 0.4420, 0.4436, 0.4453, 0.4469, 0.4485, 0.4502, 0.4519, 0.4535, 0.4552, 0.4569, 0.4586, 0.4604, 0.4621, 0.4639, 0.4656, 0.4674, 0.4692, 0.4710, 0.4729, 0.4747, 0.4784, 0.4803, 0.4822, 0.4841, 0.4861, 0.4880, 0.4900, 0.4919, 0.4939, 0.4959, 0.4980, 0.5000, 0.5021, 0.5041, 0.5062, 0.5083, 0.5105, 0.5126, 0.5148, 0.5169, 0.5191, 0.5214, 0.5236, 0.5259, 0.5281, 0.5304, 0.5328, 0.5351, 0.5374, 0.5398, 0.5422, 0.5446, 0.5471, 0.5495, 0.5520, 0.5622, 0.5648, 0.5674, 0.5701, 0.5728, 0.5755, 0.5782, 0.5810, 0.5837, 0.5865, 0.5894, 0.5922, 0.5951, 0.5980, 0.6010, 0.6040, 0.6070, 0.6100, 0.6131, 0.6162, 0.6142, 0.6173, 0.6205, 0.6237, 0.6269, 0.6302, 0.6335, 0.6368, 0.6402, 0.6436, 0.6471, 0.6505, 0.6541, 0.6576, 0.6612, 0.6648, 0.6685, 0.6722, 0.6760, 0.6798, 0.6836, 0.6875, 0.6914, 0.6954, 0.6994, 0.7035, 0.7076, 0.7118, 0.7160, 0.7202, 0.7246, 0.7289, 0.7333, 0.7378, 0.7423, 0.7469, 0.7516, 0.7562, 0.7610, 0.7658, 0.7707, 0.7756, 0.7806, 0.7857, 0.7908, 0.7961, 0.8013, 0.8067, 0.8121, 0.8176, 0.8231, 0.8288, 0.8345, 0.8403, 0.8462, 0.8521, 0.8582, 0.8643, 0.8705, 0.8768, 0.8832, 0.8897, 0.8963, 0.9030, 0.9098, 0.9091, 0.9160, 0.9154, 0.9225, 0.9297, 0.9370, 0.9444, 0.9520, 0.9597, 0.9675, 0.9754, 0.9752, 0.9750, 0.9832, 0.9831, 0.9829, 0.9828, 0.9913, 0.9912, 0.9912, 0.9911, 0.9910, 0.9909, 1.0000
Recall: 1.0000, 1.0000, 1.0000, 1.0000, 1.0000, 1.0000, 1.0000, 1.0000, 1.0000, 1.0000, 1.0000, 1.0000, 1.0000, 1.0000, 1.0000, 1.0000, 1.0000, 1.0000, 1.0000, 1.0000, 1.0000, 1.0000, 1.0000, 1.0000, 1.0000, 1.0000, 1.0000, 1.0000, 1.0000, 1.0000, 1.0000, 1.0000, 1.0000, 1.0000, 1.0000, 1.0000, 1.0000, 1.0000, 1.0000, 1.0000, 1.0000, 1.0000, 1.0000, 1.0000, 1.0000, 1.0000, 1.0000, 1.0000, 1.0000, 1.0000, 1.0000, 1.0000, 1.0000, 1.0000, 1.0000, 1.0000, 1.0000, 1.0000, 1.0000, 1.0000, 1.0000, 1.0000, 1.0000, 1.0000, 1.0000, 1.0000, 1.0000, 1.0000, 1.0000, 1.0000, 1.0000, 1.0000, 1.0000, 1.0000, 1.0000, 1.0000, 1.0000, 1.0000, 1.0000, 1.0000, 1.0000, 1.0000, 1.0000, 1.0000, 1.0000, 1.0000, 1.0000, 1.0000, 1.0000, 1.0000, 1.0000, 1.0000, 1.0000, 1.0000, 1.0000, 1.0000, 1.0000, 1.0000, 1.0000, 1.0000, 1.0000, 1.0000, 1.0000, 1.0000, 1.0000, 1.0000, 1.0000, 1.0000, 1.0000, 1.0000, 1.0000, 1.0000, 1.0000, 1.0000, 1.0000, 1.0000, 1.0000, 1.0000, 1.0000, 1.0000, 1.0000, 1.0000, 1.0000, 1.0000, 1.0000, 1.0000, 1.0000, 1.0000, 1.0000, 1.0000, 1.0000, 1.0000, 1.0000, 1.0000, 1.0000, 1.0000, 1.0000, 1.0000, 1.0000, 0.9918, 0.9918, 0.9918, 0.9918, 0.9918, 0.9918, 0.9918, 0.9918, 0.9918, 0.9918, 0.9918, 0.9918, 0.9918, 0.9918, 0.9918, 0.9918, 0.9918, 0.9918, 0.9918, 0.9918, 0.9918, 0.9918, 0.9918, 0.9918, 0.9918, 0.9918, 0.9918, 0.9918, 0.9918, 0.9918, 0.9918, 0.9918, 0.9918, 0.9918, 0.9918, 0.9918, 0.9918, 0.9918, 0.9918, 0.9918, 0.9918, 0.9918, 0.9918, 0.9918, 0.9918, 0.9918, 0.9918, 0.9918, 0.9918, 0.9918, 0.9918, 0.9918, 0.9918, 0.9918, 0.9918, 0.9918, 0.9918, 0.9918, 0.9918, 0.9918, 0.9918, 0.9918, 0.9918, 0.9918, 0.9918, 0.9836, 0.9836, 0.9754, 0.9754, 0.9754, 0.9754, 0.9754, 0.9754, 0.9754, 0.9754, 0.9754, 0.9672, 0.9590, 0.9590, 0.9508, 0.9426, 0.9344, 0.9344, 0.9262, 0.9180, 0.9098, 0.9016, 0.8934, 0.0000

Asian:
Precision: 0.4298, 0.4310, 0.4322, 0.4334, 0.4347, 0.4359, 0.4371, 0.4384, 0.4397, 0.4409, 0.4422, 0.4435, 0.4448, 0.4461, 0.4487, 0.4500, 0.4513, 0.4527, 0.4540, 0.4622, 0.4636, 0.4650, 0.4665, 0.4679, 0.4693, 0.4708, 0.4722, 0.4737, 0.4752, 0.4766, 0.4781, 0.4796, 0.4811, 0.4826, 0.4842, 0.4857, 0.4873, 0.4888, 0.4904, 0.4920, 0.4935, 0.4951, 0.4968, 0.4951, 0.4967, 0.4984, 0.5000, 0.5017, 0.5033, 0.5050, 0.5067, 0.5084, 0.5101, 0.5118, 0.5135, 0.5153, 0.5170, 0.5188, 0.5205, 0.5223, 0.5241, 0.5260, 0.5278, 0.5296, 0.5315, 0.5333, 0.5352, 0.5371, 0.5390, 0.5409, 0.5429, 0.5448, 0.5468, 0.5487, 0.5507, 0.5527, 0.5547, 0.5568, 0.5588, 0.5609, 0.5630, 0.5651, 0.5672, 0.5693, 0.5714, 0.5736, 0.5758, 0.5779, 0.5802, 0.5824, 0.5846, 0.5869, 0.5891, 0.5914, 0.5938, 0.5961, 0.6008, 0.6032, 0.6056, 0.6040, 0.6024, 0.6048, 0.6073, 0.6098, 0.6122, 0.6148, 0.6132, 0.6157, 0.6183, 0.6167, 0.6192, 0.6218, 0.6245, 0.6271, 0.6255, 0.6282, 0.6309, 0.6336, 0.6364, 0.6476, 0.6504, 0.6533, 0.6562, 0.6592, 0.6622, 0.6652, 0.6682, 0.6712, 0.6743, 0.6774, 0.6806, 0.6837, 0.6822, 0.6854, 0.6840, 0.6872, 0.6857, 0.6890, 0.6923, 0.6908, 0.6942, 0.6976, 0.7010, 0.7044, 0.7079, 0.7114, 0.7100, 0.7085, 0.7121, 0.7157, 0.7194, 0.7231, 0.7268, 0.7306, 0.7344, 0.7382, 0.7421, 0.7460, 0.7500, 0.7540, 0.7581, 0.7568, 0.7554, 0.7596, 0.7637, 0.7680, 0.7722, 0.7709, 0.7753, 0.7797, 0.7784, 0.7829, 0.7874, 0.7861, 0.7907, 0.7895, 0.7941, 0.7929, 0.7917, 0.7964, 0.7952, 0.7939, 0.7927, 0.7914, 0.7901, 0.7950, 0.8000, 0.8050, 0.8101, 0.8089, 0.8077, 0.8129, 0.8182, 0.8170, 0.8224, 0.8278, 0.8267, 0.8322, 0.8378, 0.8367, 0.8425, 0.8483, 0.8542, 0.8601, 0.8662, 0.8723, 0.8714, 0.8705, 0.8768, 0.8759, 0.8750, 0.8815, 0.8881, 0.8947, 0.9015, 0.9008, 0.9000, 0.9070, 0.9062, 0.9055, 0.9048, 0.9040, 0.9032, 0.9024, 1.0000
Recall: 1.0000, 1.0000, 1.0000, 1.0000, 1.0000, 1.0000, 1.0000, 1.0000, 1.0000, 1.0000, 1.0000, 1.0000, 1.0000, 1.0000, 1.0000, 1.0000, 1.0000, 1.0000, 1.0000, 1.0000, 1.0000, 1.0000, 1.0000, 1.0000, 1.0000, 1.0000, 1.0000, 1.0000, 1.0000, 1.0000, 1.0000, 1.0000, 1.0000, 1.0000, 1.0000, 1.0000, 1.0000, 1.0000, 1.0000, 1.0000, 1.0000, 1.0000, 1.0000, 0.9935, 0.9935, 0.9935, 0.9935, 0.9935, 0.9935, 0.9935, 0.9935, 0.9935, 0.9935, 0.9935, 0.9935, 0.9935, 0.9935, 0.9935, 0.9935, 0.9935, 0.9935, 0.9935, 0.9935, 0.9935, 0.9935, 0.9935, 0.9935, 0.9935, 0.9935, 0.9935, 0.9935, 0.9935, 0.9935, 0.9935, 0.9935, 0.9935, 0.9935, 0.9935, 0.9935, 0.9935, 0.9935, 0.9935, 0.9935, 0.9935, 0.9935, 0.9935, 0.9935, 0.9935, 0.9935, 0.9935, 0.9935, 0.9935, 0.9935, 0.9935, 0.9935, 0.9935, 0.9935, 0.9935, 0.9935, 0.9869, 0.9804, 0.9804, 0.9804, 0.9804, 0.9804, 0.9804, 0.9739, 0.9739, 0.9739, 0.9673, 0.9673, 0.9673, 0.9673, 0.9673, 0.9608, 0.9608, 0.9608, 0.9608, 0.9608, 0.9608, 0.9608, 0.9608, 0.9608, 0.9608, 0.9608, 0.9608, 0.9608, 0.9608, 0.9608, 0.9608, 0.9608, 0.9608, 0.9542, 0.9542, 0.9477, 0.9477, 0.9412, 0.9412, 0.9412, 0.9346, 0.9346, 0.9346, 0.9346, 0.9346, 0.9346, 0.9346, 0.9281, 0.9216, 0.9216, 0.9216, 0.9216, 0.9216, 0.9216, 0.9216, 0.9216, 0.9216, 0.9216, 0.9216, 0.9216, 0.9216, 0.9216, 0.9150, 0.9085, 0.9085, 0.9085, 0.9085, 0.9085, 0.9020, 0.9020, 0.9020, 0.8954, 0.8954, 0.8954, 0.8889, 0.8889, 0.8824, 0.8824, 0.8758, 0.8693, 0.8693, 0.8627, 0.8562, 0.8497, 0.8431, 0.8366, 0.8366, 0.8366, 0.8366, 0.8366, 0.8301, 0.8235, 0.8235, 0.8235, 0.8170, 0.8170, 0.8170, 0.8105, 0.8105, 0.8105, 0.8039, 0.8039, 0.8039, 0.8039, 0.8039, 0.8039, 0.8039, 0.7974, 0.7908, 0.7908, 0.7843, 0.7778, 0.7778, 0.7778, 0.7778, 0.7778, 0.7712, 0.7647, 0.7647, 0.7582, 0.7516, 0.7451, 0.7386, 0.7320, 0.7255, 0.0000


10K.csv:
--------
European:
Precision: 0.2275, 0.2282, 0.2288, 0.2295, 0.2301, 0.2314, 0.2321, 0.2328, 0.2334, 0.2341, 0.2348, 0.2355, 0.2362, 0.2382, 0.2389, 0.2396, 0.2404, 0.2418, 0.2425, 0.2432, 0.2455, 0.2477, 0.2485, 0.2492, 0.2500, 0.2516, 0.2539, 0.2563, 0.2571, 0.2588, 0.2605, 0.2613, 0.2638, 0.2656, 0.2682, 0.2691, 0.2700, 0.2709, 0.2718, 0.2746, 0.2755, 0.2765, 0.2793, 0.2803, 0.2812, 0.2822, 0.2832, 0.2842, 0.2852, 0.2862, 0.2872, 0.2893, 0.2914, 0.2924, 0.2935, 0.2989, 0.3000, 0.3022, 0.3034, 0.3045, 0.3068, 0.3103, 0.3115, 0.3140, 0.3152, 0.3176, 0.3189, 0.3202, 0.3214, 0.3227, 0.3240, 0.3253, 0.3266, 0.3279, 0.3293, 0.3306, 0.3320, 0.3333, 0.3347, 0.3361, 0.3375, 0.3389, 0.3403, 0.3418, 0.3432, 0.3447, 0.3491, 0.3506, 0.3522, 0.3537, 0.3553, 0.3568, 0.3584, 0.3616, 0.3632, 0.3649, 0.3665, 0.3682, 0.3699, 0.3716, 0.3733, 0.3750, 0.3767, 0.3785, 0.3821, 0.3839, 0.3857, 0.3876, 0.3894, 0.3913, 0.3932, 0.3951, 0.3971, 0.3990, 0.4010, 0.4030, 0.4050, 0.4070, 0.4091, 0.4112, 0.4133, 0.4154, 0.4175, 0.4197, 0.4219, 0.4241, 0.4263, 0.4286, 0.4309, 0.4332, 0.4355, 0.4378, 0.4402, 0.4426, 0.4451, 0.4475, 0.4500, 0.4525, 0.4551, 0.4576, 0.4602, 0.4629, 0.4655, 0.4682, 0.4709, 0.4737, 0.4765, 0.4793, 0.4821, 0.4850, 0.4880, 0.4909, 0.4939, 0.4969, 0.5000, 0.5031, 0.5062, 0.5094, 0.5127, 0.5159, 0.5192, 0.5226, 0.5260, 0.5294, 0.5329, 0.5364, 0.5400, 0.5436, 0.5473, 0.5510, 0.5548, 0.5586, 0.5625, 0.5664, 0.5704, 0.5745, 0.5870, 0.5912, 0.5956, 0.6000, 0.6045, 0.6090, 0.6136, 0.6183, 0.6231, 0.6279, 0.6328, 0.6378, 0.6429, 0.6480, 0.6532, 0.6585, 0.6639, 0.6694, 0.6750, 0.6807, 0.6864, 0.6923, 0.6983, 0.7043, 0.7105, 0.7168, 0.7232, 0.7297, 0.7364, 0.7431, 0.7500, 0.7570, 0.7642, 0.7714, 0.7788, 0.7864, 0.7941, 0.8020, 0.8100, 0.8182, 0.8265, 0.8351, 0.8438, 0.8526, 0.8617, 0.8710, 0.8804, 0.8901, 0.9000, 0.9101, 0.9205, 0.9310, 0.9419, 0.9529, 0.9643, 0.9759, 0.9878, 1.0000
Recall: 1.0000, 1.0000, 1.0000, 1.0000, 1.0000, 1.0000, 1.0000, 1.0000, 1.0000, 1.0000, 1.0000, 1.0000, 1.0000, 1.0000, 1.0000, 1.0000, 1.0000, 1.0000, 1.0000, 1.0000, 1.0000, 1.0000, 1.0000, 1.0000, 1.0000, 1.0000, 1.0000, 1.0000, 1.0000, 1.0000, 1.0000, 1.0000, 1.0000, 1.0000, 1.0000, 1.0000, 1.0000, 1.0000, 1.0000, 1.0000, 1.0000, 1.0000, 1.0000, 1.0000, 1.0000, 1.0000, 1.0000, 1.0000, 1.0000, 1.0000, 1.0000, 1.0000, 1.0000, 1.0000, 1.0000, 1.0000, 1.0000, 1.0000, 1.0000, 1.0000, 1.0000, 1.0000, 1.0000, 1.0000, 1.0000, 1.0000, 1.0000, 1.0000, 1.0000, 1.0000, 1.0000, 1.0000, 1.0000, 1.0000, 1.0000, 1.0000, 1.0000, 1.0000, 1.0000, 1.0000, 1.0000, 1.0000, 1.0000, 1.0000, 1.0000, 1.0000, 1.0000, 1.0000, 1.0000, 1.0000, 1.0000, 1.0000, 1.0000, 1.0000, 1.0000, 1.0000, 1.0000, 1.0000, 1.0000, 1.0000, 1.0000, 1.0000, 1.0000, 1.0000, 1.0000, 1.0000, 1.0000, 1.0000, 1.0000, 1.0000, 1.0000, 1.0000, 1.0000, 1.0000, 1.0000, 1.0000, 1.0000, 1.0000, 1.0000, 1.0000, 1.0000, 1.0000, 1.0000, 1.0000, 1.0000, 1.0000, 1.0000, 1.0000, 1.0000, 1.0000, 1.0000, 1.0000, 1.0000, 1.0000, 1.0000, 1.0000, 1.0000, 1.0000, 1.0000, 1.0000, 1.0000, 1.0000, 1.0000, 1.0000, 1.0000, 1.0000, 1.0000, 1.0000, 1.0000, 1.0000, 1.0000, 1.0000, 1.0000, 1.0000, 1.0000, 1.0000, 1.0000, 1.0000, 1.0000, 1.0000, 1.0000, 1.0000, 1.0000, 1.0000, 1.0000, 1.0000, 1.0000, 1.0000, 1.0000, 1.0000, 1.0000, 1.0000, 1.0000, 1.0000, 1.0000, 1.0000, 1.0000, 1.0000, 1.0000, 1.0000, 1.0000, 1.0000, 1.0000, 1.0000, 1.0000, 1.0000, 1.0000, 1.0000, 1.0000, 1.0000, 1.0000, 1.0000, 1.0000, 1.0000, 1.0000, 1.0000, 1.0000, 1.0000, 1.0000, 1.0000, 1.0000, 1.0000, 1.0000, 1.0000, 1.0000, 1.0000, 1.0000, 1.0000, 1.0000, 1.0000, 1.0000, 1.0000, 1.0000, 1.0000, 1.0000, 1.0000, 1.0000, 1.0000, 1.0000, 1.0000, 1.0000, 1.0000, 1.0000, 1.0000, 1.0000, 1.0000, 1.0000, 1.0000, 1.0000, 1.0000, 1.0000, 1.0000, 1.0000, 0.0000

African:
Precision: 0.3427, 0.3578, 0.3588, 0.3599, 0.3609, 0.3620, 0.3631, 0.3642, 0.3664, 0.3675, 0.3686, 0.3697, 0.3708, 0.3720, 0.3731, 0.3742, 0.3754, 0.3765, 0.3777, 0.3789, 0.3801, 0.3812, 0.3824, 0.3836, 0.3849, 0.3861, 0.3873, 0.3885, 0.3898, 0.3910, 0.3923, 0.3935, 0.3948, 0.3961, 0.3974, 0.3987, 0.4000, 0.4013, 0.4026, 0.4040, 0.4053, 0.4067, 0.4080, 0.4094, 0.4108, 0.4122, 0.4136, 0.4150, 0.4164, 0.4178, 0.4192, 0.4207, 0.4221, 0.4236, 0.4251, 0.4266, 0.4281, 0.4296, 0.4311, 0.4326, 0.4342, 0.4357, 0.4373, 0.4388, 0.4404, 0.4420, 0.4436, 0.4453, 0.4469, 0.4485, 0.4502, 0.4519, 0.4535, 0.4552, 0.4569, 0.4586, 0.4604, 0.4621, 0.4639, 0.4656, 0.4674, 0.4692, 0.4747, 0.4766, 0.4784, 0.4803, 0.4822, 0.4841, 0.4861, 0.4880, 0.4900, 0.4919, 0.4939, 0.4959, 0.4980, 0.5000, 0.5021, 0.5041, 0.5062, 0.5083, 0.5105, 0.5126, 0.5148, 0.5169, 0.5191, 0.5214, 0.5236, 0.5259, 0.5281, 0.5304, 0.5328, 0.5351, 0.5374, 0.5398, 0.5422, 0.5446, 0.5471, 0.5495, 0.5520, 0.5545, 0.5571, 0.5596, 0.5622, 0.5648, 0.5674, 0.5701, 0.5755, 0.5782, 0.5810, 0.5837, 0.5865, 0.5894, 0.5922, 0.5980, 0.6010, 0.6040, 0.6070, 0.6100, 0.6131, 0.6162, 0.6193, 0.6224, 0.6256, 0.6289, 0.6321, 0.6354, 0.6455, 0.6489, 0.6524, 0.6559, 0.6595, 0.6630, 0.6667, 0.6703, 0.6740, 0.6778, 0.6816, 0.6854, 0.6893, 0.6932, 0.6971, 0.7011, 0.7052, 0.7093, 0.7135, 0.7176, 0.7219, 0.7262, 0.7305, 0.7349, 0.7394, 0.7439, 0.7485, 0.7531, 0.7578, 0.7625, 0.7673, 0.7722, 0.7771, 0.7821, 0.7871, 0.7922, 0.7974, 0.8026, 0.8079, 0.8133, 0.8188, 0.8243, 0.8299, 0.8356, 0.8414, 0.8472, 0.8531, 0.8592, 0.8652, 0.8714, 0.8777, 0.8841, 0.8905, 0.8971, 0.9037, 0.9104, 0.9173, 0.9242, 0.9313, 0.9385, 0.9457, 0.9531, 0.9606, 0.9683, 0.9760, 0.9839, 1.0000, 1.0000, 1.0000
Recall: 1.0000, 1.0000, 1.0000, 1.0000, 1.0000, 1.0000, 1.0000, 1.0000, 1.0000, 1.0000, 1.0000, 1.0000, 1.0000, 1.0000, 1.0000, 1.0000, 1.0000, 1.0000, 1.0000, 1.0000, 1.0000, 1.0000, 1.0000, 1.0000, 1.0000, 1.0000, 1.0000, 1.0000, 1.0000, 1.0000, 1.0000, 1.0000, 1.0000, 1.0000, 1.0000, 1.0000, 1.0000, 1.0000, 1.0000, 1.0000, 1.0000, 1.0000, 1.0000, 1.0000, 1.0000, 1.0000, 1.0000, 1.0000, 1.0000, 1.0000, 1.0000, 1.0000, 1.0000, 1.0000, 1.0000, 1.0000, 1.0000, 1.0000, 1.0000, 1.0000, 1.0000, 1.0000, 1.0000, 1.0000, 1.0000, 1.0000, 1.0000, 1.0000, 1.0000, 1.0000, 1.0000, 1.0000, 1.0000, 1.0000, 1.0000, 1.0000, 1.0000, 1.0000, 1.0000, 1.0000, 1.0000, 1.0000, 1.0000, 1.0000, 1.0000, 1.0000, 1.0000, 1.0000, 1.0000, 1.0000, 1.0000, 1.0000, 1.0000, 1.0000, 1.0000, 1.0000, 1.0000, 1.0000, 1.0000, 1.0000, 1.0000, 1.0000, 1.0000, 1.0000, 1.0000, 1.0000, 1.0000, 1.0000, 1.0000, 1.0000, 1.0000, 1.0000, 1.0000, 1.0000, 1.0000, 1.0000, 1.0000, 1.0000, 1.0000, 1.0000, 1.0000, 1.0000, 1.0000, 1.0000, 1.0000, 1.0000, 1.0000, 1.0000, 1.0000, 1.0000, 1.0000, 1.0000, 1.0000, 1.0000, 1.0000, 1.0000, 1.0000, 1.0000, 1.0000, 1.0000, 1.0000, 1.0000, 1.0000, 1.0000, 1.0000, 1.0000, 1.0000, 1.0000, 1.0000, 1.0000, 1.0000, 1.0000, 1.0000, 1.0000, 1.0000, 1.0000, 1.0000, 1.0000, 1.0000, 1.0000, 1.0000, 1.0000, 1.0000, 1.0000, 1.0000, 1.0000, 1.0000, 1.0000, 1.0000, 1.0000, 1.0000, 1.0000, 1.0000, 1.0000, 1.0000, 1.0000, 1.0000, 1.0000, 1.0000, 1.0000, 1.0000, 1.0000, 1.0000, 1.0000, 1.0000, 1.0000, 1.0000, 1.0000, 1.0000, 1.0000, 1.0000, 1.0000, 1.0000, 1.0000, 1.0000, 1.0000, 1.0000, 1.0000, 1.0000, 1.0000, 1.0000, 1.0000, 1.0000, 1.0000, 1.0000, 1.0000, 1.0000, 1.0000, 1.0000, 1.0000, 1.0000, 1.0000, 1.0000, 0.9918, 0.0000

Asian:
Precision: 0.4298, 0.4310, 0.4322, 0.4334, 0.4347, 0.4371, 0.4384, 0.4397, 0.4409, 0.4422, 0.4435, 0.4448, 0.4461, 0.4500, 0.4513, 0.4527, 0.4540, 0.4567, 0.4581, 0.4595, 0.4636, 0.4679, 0.4693, 0.4708, 0.4722, 0.4752, 0.4796, 0.4842, 0.4857, 0.4888, 0.4920, 0.4935, 0.4984, 0.5016, 0.5066, 0.5083, 0.5100, 0.5117, 0.5134, 0.5204, 0.5222, 0.5276, 0.5294, 0.5312, 0.5331, 0.5350, 0.5368, 0.5387, 0.5406, 0.5426, 0.5464, 0.5504, 0.5523, 0.5543, 0.5646, 0.5667, 0.5709, 0.5730, 0.5752, 0.5795, 0.5862, 0.5885, 0.5930, 0.5953, 0.6000, 0.6024, 0.6047, 0.6071, 0.6096, 0.6120, 0.6145, 0.6169, 0.6194, 0.6220, 0.6245, 0.6270, 0.6296, 0.6322, 0.6349, 0.6375, 0.6402, 0.6429, 0.6456, 0.6483, 0.6511, 0.6567, 0.6623, 0.6652, 0.6681, 0.6711, 0.6740, 0.6770, 0.6800, 0.6830, 0.6861, 0.6892, 0.6923, 0.6955, 0.6986, 0.7018, 0.7051, 0.7083, 0.7116, 0.7150, 0.7183, 0.7217, 0.7251, 0.7286, 0.7321, 0.7356, 0.7391, 0.7427, 0.7463, 0.7500, 0.7537, 0.7574, 0.7612, 0.7650, 0.7688, 0.7727, 0.7766, 0.7806, 0.7846, 0.7887, 0.7927, 0.7969, 0.8010, 0.8053, 0.8095, 0.8138, 0.8182, 0.8226, 0.8270, 0.8315, 0.8361, 0.8407, 0.8453, 0.8500, 0.8547, 0.8596, 0.8644, 0.8693, 0.8743, 0.8895, 0.8947, 0.9000, 0.9107, 0.9162, 0.9217, 0.9273, 0.9329, 0.9387, 0.9444, 0.9503, 0.9563, 0.9623, 0.9684, 0.9745, 0.9808, 0.9871, 0.9935, 1.0000, 1.0000, 1.0000, 1.0000, 1.0000, 1.0000
Recall: 1.0000, 1.0000, 1.0000, 1.0000, 1.0000, 1.0000, 1.0000, 1.0000, 1.0000, 1.0000, 1.0000, 1.0000, 1.0000, 1.0000, 1.0000, 1.0000, 1.0000, 1.0000, 1.0000, 1.0000, 1.0000, 1.0000, 1.0000, 1.0000, 1.0000, 1.0000, 1.0000, 1.0000, 1.0000, 1.0000, 1.0000, 1.0000, 1.0000, 1.0000, 1.0000, 1.0000, 1.0000, 1.0000, 1.0000, 1.0000, 1.0000, 1.0000, 1.0000, 1.0000, 1.0000, 1.0000, 1.0000, 1.0000, 1.0000, 1.0000, 1.0000, 1.0000, 1.0000, 1.0000, 1.0000, 1.0000, 1.0000, 1.0000, 1.0000, 1.0000, 1.0000, 1.0000, 1.0000, 1.0000, 1.0000, 1.0000, 1.0000, 1.0000, 1.0000, 1.0000, 1.0000, 1.0000, 1.0000, 1.0000, 1.0000, 1.0000, 1.0000, 1.0000, 1.0000, 1.0000, 1.0000, 1.0000, 1.0000, 1.0000, 1.0000, 1.0000, 1.0000, 1.0000, 1.0000, 1.0000, 1.0000, 1.0000, 1.0000, 1.0000, 1.0000, 1.0000, 1.0000, 1.0000, 1.0000, 1.0000, 1.0000, 1.0000, 1.0000, 1.0000, 1.0000, 1.0000, 1.0000, 1.0000, 1.0000, 1.0000, 1.0000, 1.0000, 1.0000, 1.0000, 1.0000, 1.0000, 1.0000, 1.0000, 1.0000, 1.0000, 1.0000, 1.0000, 1.0000, 1.0000, 1.0000, 1.0000, 1.0000, 1.0000, 1.0000, 1.0000, 1.0000, 1.0000, 1.0000, 1.0000, 1.0000, 1.0000, 1.0000, 1.0000, 1.0000, 1.0000, 1.0000, 1.0000, 1.0000, 1.0000, 1.0000, 1.0000, 1.0000, 1.0000, 1.0000, 1.0000, 1.0000, 1.0000, 1.0000, 1.0000, 1.0000, 1.0000, 1.0000, 1.0000, 1.0000, 1.0000, 1.0000, 1.0000, 0.9935, 0.9869, 0.9804, 0.9739, 0.0000


1K.csv:
-------
European:
Precision: 0.2275, 0.2282, 0.2288, 0.2295, 0.2301, 0.2308, 0.2314, 0.2321, 0.2328, 0.2334, 0.2341, 0.2348, 0.2355, 0.2362, 0.2368, 0.2382, 0.2389, 0.2396, 0.2404, 0.2411, 0.2418, 0.2425, 0.2432, 0.2440, 0.2447, 0.2455, 0.2462, 0.2470, 0.2477, 0.2485, 0.2492, 0.2500, 0.2516, 0.2523, 0.2531, 0.2539, 0.2547, 0.2555, 0.2563, 0.2571, 0.2580, 0.2588, 0.2596, 0.2605, 0.2613, 0.2621, 0.2630, 0.2638, 0.2647, 0.2656, 0.2664, 0.2673, 0.2682, 0.2700, 0.2709, 0.2718, 0.2727, 0.2736, 0.2746, 0.2755, 0.2765, 0.2784, 0.2793, 0.2803, 0.2812, 0.2832, 0.2852, 0.2862, 0.2872, 0.2883, 0.2893, 0.2903, 0.2914, 0.2924, 0.2935, 0.2945, 0.2956, 0.2967, 0.2978, 0.2989, 0.3000, 0.3011, 0.3022, 0.3034, 0.3045, 0.3057, 0.3068, 0.3080, 0.3092, 0.3103, 0.3115, 0.3127, 0.3140, 0.3152, 0.3164, 0.3176, 0.3189, 0.3202, 0.3214, 0.3227, 0.3240, 0.3253, 0.3266, 0.3279, 0.3293, 0.3306, 0.3320, 0.3333, 0.3347, 0.3361, 0.3375, 0.3389, 0.3403, 0.3418, 0.3432, 0.3476, 0.3491, 0.3506, 0.3522, 0.3537, 0.3553, 0.3584, 0.3600, 0.3616, 0.3632, 0.3649, 0.3665, 0.3682, 0.3699, 0.3716, 0.3733, 0.3750, 0.3767, 0.3785, 0.3803, 0.3821, 0.3839, 0.3857, 0.3876, 0.3894, 0.3913, 0.3932, 0.3951, 0.3971, 0.3990, 0.4010, 0.4030, 0.4050, 0.4070, 0.4091, 0.4112, 0.4133, 0.4154, 0.4175, 0.4197, 0.4219, 0.4241, 0.4263, 0.4286, 0.4309, 0.4332, 0.4355, 0.4378, 0.4402, 0.4426, 0.4451, 0.4475, 0.4500, 0.4525, 0.4551, 0.4576, 0.4602, 0.4629, 0.4655, 0.4682, 0.4709, 0.4737, 0.4765, 0.4793, 0.4821, 0.4850, 0.4939, 0.4969, 0.5000, 0.5031, 0.5062, 0.5094, 0.5127, 0.5159, 0.5192, 0.5226, 0.5260, 0.5294, 0.5329, 0.5364, 0.5400, 0.5436, 0.5473, 0.5510, 0.5548, 0.5586, 0.5625, 0.5664, 0.5704, 0.5745, 0.5786, 0.5827, 0.5870, 0.5912, 0.5956, 0.6000, 0.6045, 0.6090, 0.6136, 0.6183, 0.6231, 0.6279, 0.6328, 0.6378, 0.6429, 0.6480, 0.6532, 0.6585, 0.6639, 0.6694, 0.6750, 0.6807, 0.6864, 0.6923, 0.6897, 0.6957, 0.7018, 0.7080, 0.7143, 0.7207, 0.7273, 0.7339, 0.7407, 0.7477, 0.7547, 0.7619, 0.7692, 0.7767, 0.7843, 0.7921, 0.8000, 0.8081, 0.8163, 0.8247, 0.8333, 0.8316, 0.8404, 0.8495, 0.8587, 0.8681, 0.8778, 0.8876, 0.8977, 1.0000
Recall: 1.0000, 1.0000, 1.0000, 1.0000, 1.0000, 1.0000, 1.0000, 1.0000, 1.0000, 1.0000, 1.0000, 1.0000, 1.0000, 1.0000, 1.0000, 1.0000, 1.0000, 1.0000, 1.0000, 1.0000, 1.0000, 1.0000, 1.0000, 1.0000, 1.0000, 1.0000, 1.0000, 1.0000, 1.0000, 1.0000, 1.0000, 1.0000, 1.0000, 1.0000, 1.0000, 1.0000, 1.0000, 1.0000, 1.0000, 1.0000, 1.0000, 1.0000, 1.0000, 1.0000, 1.0000, 1.0000, 1.0000, 1.0000, 1.0000, 1.0000, 1.0000, 1.0000, 1.0000, 1.0000, 1.0000, 1.0000, 1.0000, 1.0000, 1.0000, 1.0000, 1.0000, 1.0000, 1.0000, 1.0000, 1.0000, 1.0000, 1.0000, 1.0000, 1.0000, 1.0000, 1.0000, 1.0000, 1.0000, 1.0000, 1.0000, 1.0000, 1.0000, 1.0000, 1.0000, 1.0000, 1.0000, 1.0000, 1.0000, 1.0000, 1.0000, 1.0000, 1.0000, 1.0000, 1.0000, 1.0000, 1.0000, 1.0000, 1.0000, 1.0000, 1.0000, 1.0000, 1.0000, 1.0000, 1.0000, 1.0000, 1.0000, 1.0000, 1.0000, 1.0000, 1.0000, 1.0000, 1.0000, 1.0000, 1.0000, 1.0000, 1.0000, 1.0000, 1.0000, 1.0000, 1.0000, 1.0000, 1.0000, 1.0000, 1.0000, 1.0000, 1.0000, 1.0000, 1.0000, 1.0000, 1.0000, 1.0000, 1.0000, 1.0000, 1.0000, 1.0000, 1.0000, 1.0000, 1.0000, 1.0000, 1.0000, 1.0000, 1.0000, 1.0000, 1.0000, 1.0000, 1.0000, 1.0000, 1.0000, 1.0000, 1.0000, 1.0000, 1.0000, 1.0000, 1.0000, 1.0000, 1.0000, 1.0000, 1.0000, 1.0000, 1.0000, 1.0000, 1.0000, 1.0000, 1.0000, 1.0000, 1.0000, 1.0000, 1.0000, 1.0000, 1.0000, 1.0000, 1.0000, 1.0000, 1.0000, 1.0000, 1.0000, 1.0000, 1.0000, 1.0000, 1.0000, 1.0000, 1.0000, 1.0000, 1.0000, 1.0000, 1.0000, 1.0000, 1.0000, 1.0000, 1.0000, 1.0000, 1.0000, 1.0000, 1.0000, 1.0000, 1.0000, 1.0000, 1.0000, 1.0000, 1.0000, 1.0000, 1.0000, 1.0000, 1.0000, 1.0000, 1.0000, 1.0000, 1.0000, 1.0000, 1.0000, 1.0000, 1.0000, 1.0000, 1.0000, 1.0000, 1.0000, 1.0000, 1.0000, 1.0000, 1.0000, 1.0000, 1.0000, 1.0000, 1.0000, 1.0000, 1.0000, 1.0000, 1.0000, 1.0000, 1.0000, 1.0000, 1.0000, 1.0000, 1.0000, 0.9877, 0.9877, 0.9877, 0.9877, 0.9877, 0.9877, 0.9877, 0.9877, 0.9877, 0.9877, 0.9877, 0.9877, 0.9877, 0.9877, 0.9877, 0.9877, 0.9877, 0.9877, 0.9877, 0.9877, 0.9877, 0.9753, 0.9753, 0.9753, 0.9753, 0.9753, 0.9753, 0.9753, 0.9753, 0.0000

African:
Precision: 0.3427, 0.3526, 0.3536, 0.3547, 0.3567, 0.3578, 0.3588, 0.3599, 0.3609, 0.3620, 0.3631, 0.3642, 0.3653, 0.3664, 0.3675, 0.3686, 0.3697, 0.3708, 0.3720, 0.3731, 0.3742, 0.3754, 0.3765, 0.3777, 0.3789, 0.3801, 0.3812, 0.3824, 0.3836, 0.3849, 0.3861, 0.3873, 0.3885, 0.3898, 0.3910, 0.3923, 0.3935, 0.3948, 0.3961, 0.3974, 0.3987, 0.4000, 0.4013, 0.4026, 0.4040, 0.4053, 0.4067, 0.4080, 0.4094, 0.4108, 0.4122, 0.4136, 0.4150, 0.4164, 0.4178, 0.4192, 0.4207, 0.4221, 0.4236, 0.4251, 0.4266, 0.4281, 0.4326, 0.4342, 0.4357, 0.4373, 0.4388, 0.4404, 0.4420, 0.4436, 0.4453, 0.4469, 0.4485, 0.4502, 0.4519, 0.4535, 0.4552, 0.4569, 0.4586, 0.4604, 0.4621, 0.4639, 0.4656, 0.4674, 0.4710, 0.4729, 0.4747, 0.4784, 0.4803, 0.4822, 0.4841, 0.4861, 0.4880, 0.4900, 0.4919, 0.4939, 0.4959, 0.4980, 0.5000, 0.5021, 0.5041, 0.5062, 0.5083, 0.5105, 0.5126, 0.5148, 0.5169, 0.5191, 0.5259, 0.5281, 0.5304, 0.5328, 0.5351, 0.5374, 0.5398, 0.5422, 0.5446, 0.5471, 0.5495, 0.5520, 0.5545, 0.5571, 0.5596, 0.5622, 0.5648, 0.5674, 0.5701, 0.5728, 0.5755, 0.5782, 0.5810, 0.5837, 0.5865, 0.5894, 0.5922, 0.5951, 0.5980, 0.6010, 0.6040, 0.6070, 0.6100, 0.6131, 0.6162, 0.6193, 0.6224, 0.6256, 0.6289, 0.6321, 0.6354, 0.6387, 0.6421, 0.6455, 0.6489, 0.6524, 0.6559, 0.6595, 0.6630, 0.6667, 0.6703, 0.6740, 0.6778, 0.6816, 0.6854, 0.6893, 0.6932, 0.6971, 0.7011, 0.7052, 0.7093, 0.7135, 0.7176, 0.7219, 0.7262, 0.7305, 0.7349, 0.7394, 0.7439, 0.7485, 0.7531, 0.7578, 0.7625, 0.7673, 0.7722, 0.7771, 0.7821, 0.7871, 0.7922, 0.7974, 0.8026, 0.8079, 0.8133, 0.8188, 0.8243, 0.8299, 0.8356, 0.8414, 0.8472, 0.8531, 0.8592, 0.8652, 0.8714, 0.8777, 0.8841, 0.8905, 0.8971, 0.9037, 0.9104, 0.9173, 0.9242, 0.9313, 0.9385, 0.9457, 0.9453, 0.9528, 0.9524, 0.9600, 0.9677, 0.9756, 0.9836, 0.9917, 1.0000, 1.0000, 1.0000, 1.0000
Recall: 1.0000, 1.0000, 1.0000, 1.0000, 1.0000, 1.0000, 1.0000, 1.0000, 1.0000, 1.0000, 1.0000, 1.0000, 1.0000, 1.0000, 1.0000, 1.0000, 1.0000, 1.0000, 1.0000, 1.0000, 1.0000, 1.0000, 1.0000, 1.0000, 1.0000, 1.0000, 1.0000, 1.0000, 1.0000, 1.0000, 1.0000, 1.0000, 1.0000, 1.0000, 1.0000, 1.0000, 1.0000, 1.0000, 1.0000, 1.0000, 1.0000, 1.0000, 1.0000, 1.0000, 1.0000, 1.0000, 1.0000, 1.0000, 1.0000, 1.0000, 1.0000, 1.0000, 1.0000, 1.0000, 1.0000, 1.0000, 1.0000, 1.0000, 1.0000, 1.0000, 1.0000, 1.0000, 1.0000, 1.0000, 1.0000, 1.0000, 1.0000, 1.0000, 1.0000, 1.0000, 1.0000, 1.0000, 1.0000, 1.0000, 1.0000, 1.0000, 1.0000, 1.0000, 1.0000, 1.0000, 1.0000, 1.0000, 1.0000, 1.0000, 1.0000, 1.0000, 1.0000, 1.0000, 1.0000, 1.0000, 1.0000, 1.0000, 1.0000, 1.0000, 1.0000, 1.0000, 1.0000, 1.0000, 1.0000, 1.0000, 1.0000, 1.0000, 1.0000, 1.0000, 1.0000, 1.0000, 1.0000, 1.0000, 1.0000, 1.0000, 1.0000, 1.0000, 1.0000, 1.0000, 1.0000, 1.0000, 1.0000, 1.0000, 1.0000, 1.0000, 1.0000, 1.0000, 1.0000, 1.0000, 1.0000, 1.0000, 1.0000, 1.0000, 1.0000, 1.0000, 1.0000, 1.0000, 1.0000, 1.0000, 1.0000, 1.0000, 1.0000, 1.0000, 1.0000, 1.0000, 1.0000, 1.0000, 1.0000, 1.0000, 1.0000, 1.0000, 1.0000, 1.0000, 1.0000, 1.0000, 1.0000, 1.0000, 1.0000, 1.0000, 1.0000, 1.0000, 1.0000, 1.0000, 1.0000, 1.0000, 1.0000, 1.0000, 1.0000, 1.0000, 1.0000, 1.0000, 1.0000, 1.0000, 1.0000, 1.0000, 1.0000, 1.0000, 1.0000, 1.0000, 1.0000, 1.0000, 1.0000, 1.0000, 1.0000, 1.0000, 1.0000, 1.0000, 1.0000, 1.0000, 1.0000, 1.0000, 1.0000, 1.0000, 1.0000, 1.0000, 1.0000, 1.0000, 1.0000, 1.0000, 1.0000, 1.0000, 1.0000, 1.0000, 1.0000, 1.0000, 1.0000, 1.0000, 1.0000, 1.0000, 1.0000, 1.0000, 1.0000, 1.0000, 1.0000, 1.0000, 1.0000, 1.0000, 0.9918, 0.9918, 0.9836, 0.9836, 0.9836, 0.9836, 0.9836, 0.9836, 0.9836, 0.9754, 0.9672, 0.0000

Asian:
Precision: 0.4298, 0.4310, 0.4322, 0.4334, 0.4347, 0.4359, 0.4371, 0.4384, 0.4397, 0.4409, 0.4422, 0.4435, 0.4448, 0.4461, 0.4474, 0.4500, 0.4513, 0.4527, 0.4540, 0.4554, 0.4567, 0.4581, 0.4595, 0.4608, 0.4622, 0.4636, 0.4650, 0.4665, 0.4679, 0.4693, 0.4708, 0.4722, 0.4752, 0.4766, 0.4781, 0.4796, 0.4811, 0.4826, 0.4842, 0.4857, 0.4873, 0.4888, 0.4904, 0.4920, 0.4935, 0.4951, 0.4968, 0.4984, 0.5000, 0.5033, 0.5050, 0.5066, 0.5100, 0.5117, 0.5134, 0.5152, 0.5169, 0.5186, 0.5204, 0.5222, 0.5258, 0.5276, 0.5294, 0.5312, 0.5350, 0.5387, 0.5406, 0.5426, 0.5445, 0.5464, 0.5484, 0.5504, 0.5523, 0.5543, 0.5564, 0.5584, 0.5604, 0.5625, 0.5646, 0.5667, 0.5688, 0.5709, 0.5730, 0.5752, 0.5774, 0.5795, 0.5817, 0.5840, 0.5862, 0.5885, 0.5907, 0.5930, 0.5953, 0.5977, 0.6000, 0.6024, 0.6047, 0.6071, 0.6096, 0.6120, 0.6145, 0.6169, 0.6194, 0.6220, 0.6245, 0.6270, 0.6296, 0.6322, 0.6349, 0.6375, 0.6402, 0.6456, 0.6483, 0.6511, 0.6567, 0.6595, 0.6623, 0.6652, 0.6681, 0.6711, 0.6740, 0.6770, 0.6800, 0.6830, 0.6861, 0.6892, 0.6923, 0.6955, 0.6986, 0.7018, 0.7051, 0.7083, 0.7116, 0.7150, 0.7183, 0.7217, 0.7251, 0.7286, 0.7321, 0.7356, 0.7391, 0.7427, 0.7463, 0.7500, 0.7537, 0.7574, 0.7612, 0.7650, 0.7688, 0.7727, 0.7766, 0.7806, 0.7846, 0.7887, 0.7927, 0.8053, 0.8095, 0.8138, 0.8182, 0.8226, 0.8270, 0.8315, 0.8361, 0.8407, 0.8453, 0.8500, 0.8547, 0.8596, 0.8644, 0.8693, 0.8743, 0.8793, 0.8844, 0.8837, 0.8889, 0.8941, 0.8994, 0.9048, 0.9102, 0.9157, 0.9212, 0.9268, 0.9325, 0.9321, 0.9379, 0.9437, 0.9497, 0.9557, 0.9618, 0.9679, 0.9677, 0.9740, 0.9739, 0.9803, 0.9801, 0.9800, 0.9866, 0.9865, 0.9864, 0.9863, 0.9862, 0.9861, 0.9860, 0.9859, 0.9929, 0.9929, 0.9928, 0.9928, 0.9927, 0.9926, 0.9926, 0.9925, 0.9925, 0.9924, 0.9924, 0.9923, 1.0000
Recall: 1.0000, 1.0000, 1.0000, 1.0000, 1.0000, 1.0000, 1.0000, 1.0000, 1.0000, 1.0000, 1.0000, 1.0000, 1.0000, 1.0000, 1.0000, 1.0000, 1.0000, 1.0000, 1.0000, 1.0000, 1.0000, 1.0000, 1.0000, 1.0000, 1.0000, 1.0000, 1.0000, 1.0000, 1.0000, 1.0000, 1.0000, 1.0000, 1.0000, 1.0000, 1.0000, 1.0000, 1.0000, 1.0000, 1.0000, 1.0000, 1.0000, 1.0000, 1.0000, 1.0000, 1.0000, 1.0000, 1.0000, 1.0000, 1.0000, 1.0000, 1.0000, 1.0000, 1.0000, 1.0000, 1.0000, 1.0000, 1.0000, 1.0000, 1.0000, 1.0000, 1.0000, 1.0000, 1.0000, 1.0000, 1.0000, 1.0000, 1.0000, 1.0000, 1.0000, 1.0000, 1.0000, 1.0000, 1.0000, 1.0000, 1.0000, 1.0000, 1.0000, 1.0000, 1.0000, 1.0000, 1.0000, 1.0000, 1.0000, 1.0000, 1.0000, 1.0000, 1.0000, 1.0000, 1.0000, 1.0000, 1.0000, 1.0000, 1.0000, 1.0000, 1.0000, 1.0000, 1.0000, 1.0000, 1.0000, 1.0000, 1.0000, 1.0000, 1.0000, 1.0000, 1.0000, 1.0000, 1.0000, 1.0000, 1.0000, 1.0000, 1.0000, 1.0000, 1.0000, 1.0000, 1.0000, 1.0000, 1.0000, 1.0000, 1.0000, 1.0000, 1.0000, 1.0000, 1.0000, 1.0000, 1.0000, 1.0000, 1.0000, 1.0000, 1.0000, 1.0000, 1.0000, 1.0000, 1.0000, 1.0000, 1.0000, 1.0000, 1.0000, 1.0000, 1.0000, 1.0000, 1.0000, 1.0000, 1.0000, 1.0000, 1.0000, 1.0000, 1.0000, 1.0000, 1.0000, 1.0000, 1.0000, 1.0000, 1.0000, 1.0000, 1.0000, 1.0000, 1.0000, 1.0000, 1.0000, 1.0000, 1.0000, 1.0000, 1.0000, 1.0000, 1.0000, 1.0000, 1.0000, 1.0000, 1.0000, 1.0000, 1.0000, 1.0000, 1.0000, 0.9935, 0.9935, 0.9935, 0.9935, 0.9935, 0.9935, 0.9935, 0.9935, 0.9935, 0.9935, 0.9869, 0.9869, 0.9869, 0.9869, 0.9869, 0.9869, 0.9869, 0.9804, 0.9804, 0.9739, 0.9739, 0.9673, 0.9608, 0.9608, 0.9542, 0.9477, 0.9412, 0.9346, 0.9281, 0.9216, 0.9150, 0.9150, 0.9085, 0.9020, 0.8954, 0.8889, 0.8824, 0.8758, 0.8693, 0.8627, 0.8562, 0.8497, 0.8431, 0.0000


300K.csv:
---------
European:
Precision: 0.2275, 0.2282, 0.2295, 0.2301, 0.2308, 0.2314, 0.2341, 0.2348, 0.2355, 0.2362, 0.2382, 0.2389, 0.2396, 0.2404, 0.2418, 0.2492, 0.2508, 0.2516, 0.2547, 0.2700, 0.2718, 0.2736, 0.2755, 0.2784, 0.2793, 0.2822, 0.2842, 0.2862, 0.3080, 0.3092, 0.3127, 0.3202, 0.3214, 0.3240, 0.3253, 0.3266, 0.3293, 0.3320, 0.3361, 0.3375, 0.3389, 0.3403, 0.3418, 0.3432, 0.3447, 0.3462, 0.3506, 0.3522, 0.3553, 0.3568, 0.3584, 0.3616, 0.3632, 0.3649, 0.3665, 0.3682, 0.3750, 0.3767, 0.3785, 0.3803, 0.3821, 0.3839, 0.3857, 0.3876, 0.3894, 0.3913, 0.3932, 0.3951, 0.3971, 0.3990, 0.4010, 0.4030, 0.4050, 0.4070, 0.4091, 0.4133, 0.4154, 0.4175, 0.4197, 0.4219, 0.4241, 0.4263, 0.4286, 0.4332, 0.4355, 0.4378, 0.4402, 0.4426, 0.4451, 0.4475, 0.4500, 0.4551, 0.4576, 0.4602, 0.4629, 0.4655, 0.4709, 0.4765, 0.4793, 0.4821, 0.4850, 0.4880, 0.4909, 0.4939, 0.4969, 0.5000, 0.5031, 0.5062, 0.5094, 0.5127, 0.5159, 0.5226, 0.5260, 0.5294, 0.5329, 0.5400, 0.5436, 0.5473, 0.5510, 0.5548, 0.5625, 0.5664, 0.5704, 0.5870, 0.5912, 0.5956, 0.6000, 0.6090, 0.6136, 0.6183, 0.6231, 0.6279, 0.6328, 0.6378, 0.6429, 0.6480, 0.6532, 0.6639, 0.6694, 0.6864, 0.6923, 0.6983, 0.7043, 0.7105, 0.7168, 0.7232, 0.7297, 0.7364, 0.7431, 0.7500, 0.7570, 0.7642, 0.7714, 0.7788, 0.7864, 0.7941, 0.8020, 0.8100, 0.8182, 0.8265, 0.8351, 0.8438, 0.8526, 0.8617, 0.8710, 0.8804, 0.8901, 0.9000, 0.9101, 0.9205, 0.9310, 0.9419, 0.9529, 0.9643, 0.9759, 0.9878, 1.0000, 1.0000
Recall: 1.0000, 1.0000, 1.0000, 1.0000, 1.0000, 1.0000, 1.0000, 1.0000, 1.0000, 1.0000, 1.0000, 1.0000, 1.0000, 1.0000, 1.0000, 1.0000, 1.0000, 1.0000, 1.0000, 1.0000, 1.0000, 1.0000, 1.0000, 1.0000, 1.0000, 1.0000, 1.0000, 1.0000, 1.0000, 1.0000, 1.0000, 1.0000, 1.0000, 1.0000, 1.0000, 1.0000, 1.0000, 1.0000, 1.0000, 1.0000, 1.0000, 1.0000, 1.0000, 1.0000, 1.0000, 1.0000, 1.0000, 1.0000, 1.0000, 1.0000, 1.0000, 1.0000, 1.0000, 1.0000, 1.0000, 1.0000, 1.0000, 1.0000, 1.0000, 1.0000, 1.0000, 1.0000, 1.0000, 1.0000, 1.0000, 1.0000, 1.0000, 1.0000, 1.0000, 1.0000, 1.0000, 1.0000, 1.0000, 1.0000, 1.0000, 1.0000, 1.0000, 1.0000, 1.0000, 1.0000, 1.0000, 1.0000, 1.0000, 1.0000, 1.0000, 1.0000, 1.0000, 1.0000, 1.0000, 1.0000, 1.0000, 1.0000, 1.0000, 1.0000, 1.0000, 1.0000, 1.0000, 1.0000, 1.0000, 1.0000, 1.0000, 1.0000, 1.0000, 1.0000, 1.0000, 1.0000, 1.0000, 1.0000, 1.0000, 1.0000, 1.0000, 1.0000, 1.0000, 1.0000, 1.0000, 1.0000, 1.0000, 1.0000, 1.0000, 1.0000, 1.0000, 1.0000, 1.0000, 1.0000, 1.0000, 1.0000, 1.0000, 1.0000, 1.0000, 1.0000, 1.0000, 1.0000, 1.0000, 1.0000, 1.0000, 1.0000, 1.0000, 1.0000, 1.0000, 1.0000, 1.0000, 1.0000, 1.0000, 1.0000, 1.0000, 1.0000, 1.0000, 1.0000, 1.0000, 1.0000, 1.0000, 1.0000, 1.0000, 1.0000, 1.0000, 1.0000, 1.0000, 1.0000, 1.0000, 1.0000, 1.0000, 1.0000, 1.0000, 1.0000, 1.0000, 1.0000, 1.0000, 1.0000, 1.0000, 1.0000, 1.0000, 1.0000, 1.0000, 1.0000, 1.0000, 1.0000, 1.0000, 0.0000

African:
Precision: 0.3427, 0.3631, 0.3642, 0.3653, 0.3664, 0.3675, 0.3686, 0.3697, 0.3708, 0.3720, 0.3731, 0.3742, 0.3754, 0.3765, 0.3777, 0.3789, 0.3801, 0.3812, 0.3836, 0.3849, 0.3861, 0.3873, 0.3885, 0.3898, 0.3910, 0.3923, 0.3948, 0.3961, 0.3974, 0.3987, 0.4000, 0.4013, 0.4026, 0.4040, 0.4067, 0.4080, 0.4094, 0.4108, 0.4122, 0.4150, 0.4178, 0.4192, 0.4207, 0.4221, 0.4236, 0.4251, 0.4266, 0.4281, 0.4296, 0.4311, 0.4326, 0.4342, 0.4357, 0.4373, 0.4404, 0.4420, 0.4436, 0.4453, 0.4485, 0.4502, 0.4519, 0.4535, 0.4552, 0.4586, 0.4604, 0.4621, 0.4692, 0.4710, 0.4729, 0.4747, 0.4784, 0.4803, 0.4822, 0.4841, 0.4861, 0.4880, 0.4900, 0.4919, 0.4939, 0.4959, 0.5000, 0.5021, 0.5083, 0.5105, 0.5126, 0.5148, 0.5169, 0.5191, 0.5214, 0.5236, 0.5259, 0.5281, 0.5304, 0.5328, 0.5351, 0.5374, 0.5398, 0.5422, 0.5446, 0.5471, 0.5495, 0.5520, 0.5545, 0.5571, 0.5596, 0.5622, 0.5648, 0.5674, 0.5701, 0.5728, 0.5755, 0.5782, 0.5810, 0.5837, 0.5865, 0.5894, 0.5922, 0.5951, 0.6010, 0.6040, 0.6070, 0.6131, 0.6162, 0.6193, 0.6224, 0.6321, 0.6354, 0.6387, 0.6421, 0.6455, 0.6489, 0.6524, 0.6559, 0.6595, 0.6630, 0.6667, 0.6703, 0.6740, 0.6778, 0.6816, 0.6854, 0.6893, 0.6932, 0.6971, 0.7011, 0.7052, 0.7093, 0.7135, 0.7219, 0.7262, 0.7305, 0.7349, 0.7394, 0.7439, 0.7485, 0.7531, 0.7578, 0.7673, 0.7722, 0.7821, 0.7871, 0.7922, 0.7974, 0.8026, 0.8079, 0.8133, 0.8188, 0.8243, 0.8299, 0.8356, 0.8414, 0.8472, 0.8531, 0.8592, 0.8652, 0.8714, 0.8777, 0.8841, 0.8905, 0.8971, 0.9037, 0.9104, 0.9173, 0.9242, 0.9313, 0.9385, 0.9457, 0.9531, 0.9606, 0.9683, 0.9760, 0.9839, 1.0000, 1.0000
Recall: 1.0000, 1.0000, 1.0000, 1.0000, 1.0000, 1.0000, 1.0000, 1.0000, 1.0000, 1.0000, 1.0000, 1.0000, 1.0000, 1.0000, 1.0000, 1.0000, 1.0000, 1.0000, 1.0000, 1.0000, 1.0000, 1.0000, 1.0000, 1.0000, 1.0000, 1.0000, 1.0000, 1.0000, 1.0000, 1.0000, 1.0000, 1.0000, 1.0000, 1.0000, 1.0000, 1.0000, 1.0000, 1.0000, 1.0000, 1.0000, 1.0000, 1.0000, 1.0000, 1.0000, 1.0000, 1.0000, 1.0000, 1.0000, 1.0000, 1.0000, 1.0000, 1.0000, 1.0000, 1.0000, 1.0000, 1.0000, 1.0000, 1.0000, 1.0000, 1.0000, 1.0000, 1.0000, 1.0000, 1.0000, 1.0000, 1.0000, 1.0000, 1.0000, 1.0000, 1.0000, 1.0000, 1.0000, 1.0000, 1.0000, 1.0000, 1.0000, 1.0000, 1.0000, 1.0000, 1.0000, 1.0000, 1.0000, 1.0000, 1.0000, 1.0000, 1.0000, 1.0000, 1.0000, 1.0000, 1.0000, 1.0000, 1.0000, 1.0000, 1.0000, 1.0000, 1.0000, 1.0000, 1.0000, 1.0000, 1.0000, 1.0000, 1.0000, 1.0000, 1.0000, 1.0000, 1.0000, 1.0000, 1.0000, 1.0000, 1.0000, 1.0000, 1.0000, 1.0000, 1.0000, 1.0000, 1.0000, 1.0000, 1.0000, 1.0000, 1.0000, 1.0000, 1.0000, 1.0000, 1.0000, 1.0000, 1.0000, 1.0000, 1.0000, 1.0000, 1.0000, 1.0000, 1.0000, 1.0000, 1.0000, 1.0000, 1.0000, 1.0000, 1.0000, 1.0000, 1.0000, 1.0000, 1.0000, 1.0000, 1.0000, 1.0000, 1.0000, 1.0000, 1.0000, 1.0000, 1.0000, 1.0000, 1.0000, 1.0000, 1.0000, 1.0000, 1.0000, 1.0000, 1.0000, 1.0000, 1.0000, 1.0000, 1.0000, 1.0000, 1.0000, 1.0000, 1.0000, 1.0000, 1.0000, 1.0000, 1.0000, 1.0000, 1.0000, 1.0000, 1.0000, 1.0000, 1.0000, 1.0000, 1.0000, 1.0000, 1.0000, 1.0000, 1.0000, 1.0000, 1.0000, 1.0000, 1.0000, 1.0000, 1.0000, 1.0000, 1.0000, 1.0000, 1.0000, 1.0000, 0.0000

Asian:
Precision: 0.4298, 0.4310, 0.4334, 0.4347, 0.4359, 0.4371, 0.4422, 0.4435, 0.4448, 0.4461, 0.4500, 0.4513, 0.4527, 0.4540, 0.4567, 0.4708, 0.4737, 0.4752, 0.4811, 0.5100, 0.5134, 0.5169, 0.5204, 0.5258, 0.5276, 0.5331, 0.5368, 0.5406, 0.5817, 0.5840, 0.5907, 0.6047, 0.6071, 0.6120, 0.6145, 0.6169, 0.6220, 0.6349, 0.6375, 0.6402, 0.6429, 0.6456, 0.6483, 0.6511, 0.6538, 0.6595, 0.6652, 0.6681, 0.6711, 0.6740, 0.6770, 0.6800, 0.6830, 0.6861, 0.6892, 0.6923, 0.6955, 0.6986, 0.7018, 0.7051, 0.7083, 0.7150, 0.7183, 0.7217, 0.7251, 0.7286, 0.7321, 0.7356, 0.7391, 0.7427, 0.7463, 0.7500, 0.7537, 0.7574, 0.7612, 0.7650, 0.7688, 0.7727, 0.7766, 0.7806, 0.7846, 0.7887, 0.7927, 0.7969, 0.8053, 0.8095, 0.8138, 0.8226, 0.8270, 0.8315, 0.8361, 0.8407, 0.8453, 0.8500, 0.8547, 0.8596, 0.8644, 0.8693, 0.8743, 0.8793, 0.8844, 0.8895, 0.8947, 0.9000, 0.9053, 0.9107, 0.9162, 0.9217, 0.9273, 0.9329, 0.9387, 0.9444, 0.9503, 0.9563, 0.9623, 0.9808, 0.9935, 1.0000, 1.0000
Recall: 1.0000, 1.0000, 1.0000, 1.0000, 1.0000, 1.0000, 1.0000, 1.0000, 1.0000, 1.0000, 1.0000, 1.0000, 1.0000, 1.0000, 1.0000, 1.0000, 1.0000, 1.0000, 1.0000, 1.0000, 1.0000, 1.0000, 1.0000, 1.0000, 1.0000, 1.0000, 1.0000, 1.0000, 1.0000, 1.0000, 1.0000, 1.0000, 1.0000, 1.0000, 1.0000, 1.0000, 1.0000, 1.0000, 1.0000, 1.0000, 1.0000, 1.0000, 1.0000, 1.0000, 1.0000, 1.0000, 1.0000, 1.0000, 1.0000, 1.0000, 1.0000, 1.0000, 1.0000, 1.0000, 1.0000, 1.0000, 1.0000, 1.0000, 1.0000, 1.0000, 1.0000, 1.0000, 1.0000, 1.0000, 1.0000, 1.0000, 1.0000, 1.0000, 1.0000, 1.0000, 1.0000, 1.0000, 1.0000, 1.0000, 1.0000, 1.0000, 1.0000, 1.0000, 1.0000, 1.0000, 1.0000, 1.0000, 1.0000, 1.0000, 1.0000, 1.0000, 1.0000, 1.0000, 1.0000, 1.0000, 1.0000, 1.0000, 1.0000, 1.0000, 1.0000, 1.0000, 1.0000, 1.0000, 1.0000, 1.0000, 1.0000, 1.0000, 1.0000, 1.0000, 1.0000, 1.0000, 1.0000, 1.0000, 1.0000, 1.0000, 1.0000, 1.0000, 1.0000, 1.0000, 1.0000, 1.0000, 1.0000, 1.0000, 0.0000


50K.csv:
--------
European:
Precision: 0.2275, 0.2282, 0.2288, 0.2295, 0.2301, 0.2308, 0.2321, 0.2334, 0.2348, 0.2362, 0.2368, 0.2382, 0.2389, 0.2425, 0.2432, 0.2470, 0.2492, 0.2508, 0.2523, 0.2531, 0.2555, 0.2596, 0.2605, 0.2613, 0.2630, 0.2656, 0.2664, 0.2673, 0.2682, 0.2727, 0.2755, 0.2765, 0.2812, 0.2832, 0.2842, 0.2852, 0.2862, 0.2989, 0.3000, 0.3034, 0.3080, 0.3115, 0.3214, 0.3240, 0.3253, 0.3266, 0.3293, 0.3306, 0.3347, 0.3361, 0.3375, 0.3389, 0.3403, 0.3418, 0.3432, 0.3447, 0.3462, 0.3506, 0.3522, 0.3537, 0.3553, 0.3568, 0.3584, 0.3616, 0.3632, 0.3649, 0.3665, 0.3682, 0.3699, 0.3716, 0.3733, 0.3750, 0.3767, 0.3785, 0.3803, 0.3821, 0.3839, 0.3876, 0.3894, 0.3913, 0.3932, 0.3951, 0.3971, 0.3990, 0.4010, 0.4030, 0.4070, 0.4091, 0.4112, 0.4133, 0.4154, 0.4175, 0.4197, 0.4219, 0.4241, 0.4263, 0.4286, 0.4309, 0.4332, 0.4355, 0.4402, 0.4426, 0.4451, 0.4475, 0.4500, 0.4525, 0.4551, 0.4576, 0.4602, 0.4629, 0.4655, 0.4682, 0.4709, 0.4737, 0.4765, 0.4793, 0.4821, 0.4850, 0.4880, 0.4909, 0.4939, 0.4969, 0.5000, 0.5031, 0.5062, 0.5094, 0.5127, 0.5159, 0.5192, 0.5226, 0.5260, 0.5294, 0.5329, 0.5364, 0.5400, 0.5436, 0.5473, 0.5510, 0.5548, 0.5586, 0.5625, 0.5664, 0.5704, 0.5745, 0.5786, 0.5827, 0.5870, 0.5912, 0.5956, 0.6000, 0.6045, 0.6136, 0.6183, 0.6231, 0.6279, 0.6328, 0.6378, 0.6429, 0.6480, 0.6532, 0.6585, 0.6639, 0.6694, 0.6750, 0.6807, 0.6864, 0.7043, 0.7105, 0.7168, 0.7232, 0.7297, 0.7364, 0.7431, 0.7500, 0.7570, 0.7642, 0.7714, 0.7788, 0.7864, 0.7941, 0.8020, 0.8100, 0.8182, 0.8265, 0.8351, 0.8438, 0.8526, 0.8617, 0.8710, 0.8804, 0.8901, 0.9000, 0.9101, 0.9205, 0.9310, 0.9419, 0.9529, 0.9643, 0.9759, 0.9878, 1.0000, 1.0000
Recall: 1.0000, 1.0000, 1.0000, 1.0000, 1.0000, 1.0000, 1.0000, 1.0000, 1.0000, 1.0000, 1.0000, 1.0000, 1.0000, 1.0000, 1.0000, 1.0000, 1.0000, 1.0000, 1.0000, 1.0000, 1.0000, 1.0000, 1.0000, 1.0000, 1.0000, 1.0000, 1.0000, 1.0000, 1.0000, 1.0000, 1.0000, 1.0000, 1.0000, 1.0000, 1.0000, 1.0000, 1.0000, 1.0000, 1.0000, 1.0000, 1.0000, 1.0000, 1.0000, 1.0000, 1.0000, 1.0000, 1.0000, 1.0000, 1.0000, 1.0000, 1.0000, 1.0000, 1.0000, 1.0000, 1.0000, 1.0000, 1.0000, 1.0000, 1.0000, 1.0000, 1.0000, 1.0000, 1.0000, 1.0000, 1.0000, 1.0000, 1.0000, 1.0000, 1.0000, 1.0000, 1.0000, 1.0000, 1.0000, 1.0000, 1.0000, 1.0000, 1.0000, 1.0000, 1.0000, 1.0000, 1.0000, 1.0000, 1.0000, 1.0000, 1.0000, 1.0000, 1.0000, 1.0000, 1.0000, 1.0000, 1.0000, 1.0000, 1.0000, 1.0000, 1.0000, 1.0000, 1.0000, 1.0000, 1.0000, 1.0000, 1.0000, 1.0000, 1.0000, 1.0000, 1.0000, 1.0000, 1.0000, 1.0000, 1.0000, 1.0000, 1.0000, 1.0000, 1.0000, 1.0000, 1.0000, 1.0000, 1.0000, 1.0000, 1.0000, 1.0000, 1.0000, 1.0000, 1.0000, 1.0000, 1.0000, 1.0000, 1.0000, 1.0000, 1.0000, 1.0000, 1.0000, 1.0000, 1.0000, 1.0000, 1.0000, 1.0000, 1.0000, 1.0000, 1.0000, 1.0000, 1.0000, 1.0000, 1.0000, 1.0000, 1.0000, 1.0000, 1.0000, 1.0000, 1.0000, 1.0000, 1.0000, 1.0000, 1.0000, 1.0000, 1.0000, 1.0000, 1.0000, 1.0000, 1.0000, 1.0000, 1.0000, 1.0000, 1.0000, 1.0000, 1.0000, 1.0000, 1.0000, 1.0000, 1.0000, 1.0000, 1.0000, 1.0000, 1.0000, 1.0000, 1.0000, 1.0000, 1.0000, 1.0000, 1.0000, 1.0000, 1.0000, 1.0000, 1.0000, 1.0000, 1.0000, 1.0000, 1.0000, 1.0000, 1.0000, 1.0000, 1.0000, 1.0000, 1.0000, 1.0000, 1.0000, 1.0000, 1.0000, 1.0000, 1.0000, 1.0000, 1.0000, 0.0000

African:
Precision: 0.3427, 0.3642, 0.3653, 0.3664, 0.3686, 0.3697, 0.3708, 0.3720, 0.3731, 0.3742, 0.3754, 0.3765, 0.3777, 0.3801, 0.3812, 0.3824, 0.3836, 0.3849, 0.3861, 0.3873, 0.3885, 0.3898, 0.3910, 0.3923, 0.3935, 0.3948, 0.3961, 0.3987, 0.4000, 0.4013, 0.4026, 0.4040, 0.4053, 0.4067, 0.4080, 0.4094, 0.4108, 0.4122, 0.4136, 0.4150, 0.4164, 0.4178, 0.4192, 0.4207, 0.4221, 0.4236, 0.4251, 0.4266, 0.4281, 0.4296, 0.4311, 0.4326, 0.4342, 0.4357, 0.4373, 0.4388, 0.4404, 0.4420, 0.4436, 0.4453, 0.4469, 0.4485, 0.4502, 0.4519, 0.4535, 0.4552, 0.4569, 0.4586, 0.4604, 0.4621, 0.4639, 0.4656, 0.4674, 0.4692, 0.4710, 0.4729, 0.4747, 0.4766, 0.4803, 0.4822, 0.4841, 0.4861, 0.4880, 0.4900, 0.4919, 0.4939, 0.4959, 0.4980, 0.5000, 0.5021, 0.5041, 0.5062, 0.5083, 0.5105, 0.5169, 0.5191, 0.5214, 0.5236, 0.5259, 0.5281, 0.5304, 0.5328, 0.5351, 0.5374, 0.5398, 0.5422, 0.5446, 0.5471, 0.5495, 0.5520, 0.5545, 0.5571, 0.5596, 0.5622, 0.5648, 0.5674, 0.5701, 0.5728, 0.5755, 0.5782, 0.5810, 0.5837, 0.5865, 0.5894, 0.5922, 0.5951, 0.6010, 0.6040, 0.6100, 0.6131, 0.6162, 0.6193, 0.6224, 0.6321, 0.6354, 0.6387, 0.6421, 0.6455, 0.6489, 0.6524, 0.6559, 0.6595, 0.6630, 0.6667, 0.6703, 0.6740, 0.6778, 0.6816, 0.6854, 0.6893, 0.6932, 0.6971, 0.7011, 0.7052, 0.7093, 0.7135, 0.7176, 0.7219, 0.7262, 0.7305, 0.7349, 0.7394, 0.7439, 0.7485, 0.7531, 0.7578, 0.7625, 0.7673, 0.7722, 0.7771, 0.7821, 0.7871, 0.7922, 0.7974, 0.8026, 0.8079, 0.8133, 0.8188, 0.8243, 0.8299, 0.8356, 0.8414, 0.8472, 0.8531, 0.8592, 0.8652, 0.8714, 0.8777, 0.8841, 0.8905, 0.8971, 0.9037, 0.9104, 0.9173, 0.9242, 0.9313, 0.9385, 0.9457, 0.9531, 0.9606, 0.9683, 0.9760, 0.9839, 0.9919, 1.0000, 1.0000
Recall: 1.0000, 1.0000, 1.0000, 1.0000, 1.0000, 1.0000, 1.0000, 1.0000, 1.0000, 1.0000, 1.0000, 1.0000, 1.0000, 1.0000, 1.0000, 1.0000, 1.0000, 1.0000, 1.0000, 1.0000, 1.0000, 1.0000, 1.0000, 1.0000, 1.0000, 1.0000, 1.0000, 1.0000, 1.0000, 1.0000, 1.0000, 1.0000, 1.0000, 1.0000, 1.0000, 1.0000, 1.0000, 1.0000, 1.0000, 1.0000, 1.0000, 1.0000, 1.0000, 1.0000, 1.0000, 1.0000, 1.0000, 1.0000, 1.0000, 1.0000, 1.0000, 1.0000, 1.0000, 1.0000, 1.0000, 1.0000, 1.0000, 1.0000, 1.0000, 1.0000, 1.0000, 1.0000, 1.0000, 1.0000, 1.0000, 1.0000, 1.0000, 1.0000, 1.0000, 1.0000, 1.0000, 1.0000, 1.0000, 1.0000, 1.0000, 1.0000, 1.0000, 1.0000, 1.0000, 1.0000, 1.0000, 1.0000, 1.0000, 1.0000, 1.0000, 1.0000, 1.0000, 1.0000, 1.0000, 1.0000, 1.0000, 1.0000, 1.0000, 1.0000, 1.0000, 1.0000, 1.0000, 1.0000, 1.0000, 1.0000, 1.0000, 1.0000, 1.0000, 1.0000, 1.0000, 1.0000, 1.0000, 1.0000, 1.0000, 1.0000, 1.0000, 1.0000, 1.0000, 1.0000, 1.0000, 1.0000, 1.0000, 1.0000, 1.0000, 1.0000, 1.0000, 1.0000, 1.0000, 1.0000, 1.0000, 1.0000, 1.0000, 1.0000, 1.0000, 1.0000, 1.0000, 1.0000, 1.0000, 1.0000, 1.0000, 1.0000, 1.0000, 1.0000, 1.0000, 1.0000, 1.0000, 1.0000, 1.0000, 1.0000, 1.0000, 1.0000, 1.0000, 1.0000, 1.0000, 1.0000, 1.0000, 1.0000, 1.0000, 1.0000, 1.0000, 1.0000, 1.0000, 1.0000, 1.0000, 1.0000, 1.0000, 1.0000, 1.0000, 1.0000, 1.0000, 1.0000, 1.0000, 1.0000, 1.0000, 1.0000, 1.0000, 1.0000, 1.0000, 1.0000, 1.0000, 1.0000, 1.0000, 1.0000, 1.0000, 1.0000, 1.0000, 1.0000, 1.0000, 1.0000, 1.0000, 1.0000, 1.0000, 1.0000, 1.0000, 1.0000, 1.0000, 1.0000, 1.0000, 1.0000, 1.0000, 1.0000, 1.0000, 1.0000, 1.0000, 1.0000, 1.0000, 1.0000, 1.0000, 1.0000, 1.0000, 0.0000

Asian:
Precision: 0.4298, 0.4310, 0.4322, 0.4334, 0.4347, 0.4359, 0.4384, 0.4409, 0.4435, 0.4461, 0.4474, 0.4500, 0.4513, 0.4581, 0.4595, 0.4665, 0.4708, 0.4737, 0.4766, 0.4826, 0.4904, 0.4920, 0.4935, 0.4968, 0.5016, 0.5033, 0.5050, 0.5066, 0.5152, 0.5204, 0.5222, 0.5312, 0.5350, 0.5368, 0.5387, 0.5406, 0.5646, 0.5667, 0.5730, 0.5817, 0.5885, 0.6120, 0.6145, 0.6169, 0.6220, 0.6245, 0.6322, 0.6349, 0.6375, 0.6402, 0.6429, 0.6456, 0.6483, 0.6511, 0.6538, 0.6595, 0.6652, 0.6681, 0.6711, 0.6740, 0.6770, 0.6800, 0.6830, 0.6861, 0.6892, 0.6923, 0.6955, 0.6986, 0.7018, 0.7051, 0.7083, 0.7116, 0.7150, 0.7183, 0.7217, 0.7251, 0.7286, 0.7321, 0.7356, 0.7391, 0.7427, 0.7463, 0.7500, 0.7537, 0.7574, 0.7612, 0.7650, 0.7688, 0.7727, 0.7766, 0.7806, 0.7846, 0.7887, 0.7927, 0.7969, 0.8010, 0.8053, 0.8095, 0.8138, 0.8182, 0.8226, 0.8270, 0.8315, 0.8361, 0.8407, 0.8453, 0.8500, 0.8547, 0.8596, 0.8644, 0.8693, 0.8743, 0.8793, 0.8844, 0.8895, 0.8947, 0.9000, 0.9053, 0.9107, 0.9162, 0.9329, 0.9387, 0.9444, 0.9503, 0.9563, 0.9623, 0.9684, 0.9745, 0.9808, 0.9871, 0.9935, 1.0000, 1.0000
Recall: 1.0000, 1.0000, 1.0000, 1.0000, 1.0000, 1.0000, 1.0000, 1.0000, 1.0000, 1.0000, 1.0000, 1.0000, 1.0000, 1.0000, 1.0000, 1.0000, 1.0000, 1.0000, 1.0000, 1.0000, 1.0000, 1.0000, 1.0000, 1.0000, 1.0000, 1.0000, 1.0000, 1.0000, 1.0000, 1.0000, 1.0000, 1.0000, 1.0000, 1.0000, 1.0000, 1.0000, 1.0000, 1.0000, 1.0000, 1.0000, 1.0000, 1.0000, 1.0000, 1.0000, 1.0000, 1.0000, 1.0000, 1.0000, 1.0000, 1.0000, 1.0000, 1.0000, 1.0000, 1.0000, 1.0000, 1.0000, 1.0000, 1.0000, 1.0000, 1.0000, 1.0000, 1.0000, 1.0000, 1.0000, 1.0000, 1.0000, 1.0000, 1.0000, 1.0000, 1.0000, 1.0000, 1.0000, 1.0000, 1.0000, 1.0000, 1.0000, 1.0000, 1.0000, 1.0000, 1.0000, 1.0000, 1.0000, 1.0000, 1.0000, 1.0000, 1.0000, 1.0000, 1.0000, 1.0000, 1.0000, 1.0000, 1.0000, 1.0000, 1.0000, 1.0000, 1.0000, 1.0000, 1.0000, 1.0000, 1.0000, 1.0000, 1.0000, 1.0000, 1.0000, 1.0000, 1.0000, 1.0000, 1.0000, 1.0000, 1.0000, 1.0000, 1.0000, 1.0000, 1.0000, 1.0000, 1.0000, 1.0000, 1.0000, 1.0000, 1.0000, 1.0000, 1.0000, 1.0000, 1.0000, 1.0000, 1.0000, 1.0000, 1.0000, 1.0000, 1.0000, 1.0000, 1.0000, 0.0000

