AUC Values
==========

100.csv:
--------
European:
Precision: 0.2551, 0.2589, 0.2597, 0.2605, 0.2613, 0.2628, 0.2636, 0.2644, 0.2652, 0.2661, 0.2669, 0.2677, 0.2685, 0.2693, 0.2702, 0.2710, 0.2719, 0.2727, 0.2736, 0.2744, 0.2753, 0.2762, 0.2771, 0.2780, 0.2788, 0.2797, 0.2806, 0.2816, 0.2825, 0.2852, 0.2862, 0.2871, 0.2881, 0.2890, 0.2900, 0.2910, 0.2919, 0.2929, 0.2939, 0.2949, 0.2959, 0.2969, 0.2979, 0.2990, 0.3000, 0.3010, 0.3021, 0.3031, 0.3042, 0.3053, 0.3063, 0.3074, 0.3085, 0.3096, 0.3107, 0.3118, 0.3129, 0.3141, 0.3152, 0.3164, 0.3175, 0.3187, 0.3199, 0.3210, 0.3222, 0.3234, 0.3246, 0.3258, 0.3271, 0.3283, 0.3295, 0.3308, 0.3321, 0.3333, 0.3346, 0.3359, 0.3372, 0.3385, 0.3398, 0.3412, 0.3425, 0.3439, 0.3452, 0.3466, 0.3480, 0.3454, 0.3468, 0.3482, 0.3496, 0.3510, 0.3525, 0.3539, 0.3554, 0.3568, 0.3583, 0.3598, 0.3613, 0.3629, 0.3644, 0.3660, 0.3675, 0.3648, 0.3664, 0.3680, 0.3652, 0.3668, 0.3684, 0.3700, 0.3717, 0.3733, 0.3750, 0.3767, 0.3784, 0.3801, 0.3818, 0.3836, 0.3853, 0.3871, 0.3889, 0.3907, 0.3925, 0.3944, 0.3962, 0.3981, 0.4000, 0.4019, 0.4038, 0.4058, 0.4078, 0.4098, 0.4118, 0.4138, 0.4109, 0.4213, 0.4235, 0.4256, 0.4278, 0.4301, 0.4323, 0.4346, 0.4368, 0.4415, 0.4439, 0.4462, 0.4486, 0.4511, 0.4536, 0.4560, 0.4586, 0.4611, 0.4637, 0.4663, 0.4689, 0.4716, 0.4743, 0.4770, 0.4798, 0.4826, 0.4854, 0.4882, 0.4852, 0.4881, 0.4850, 0.4819, 0.4788, 0.4756, 0.4724, 0.4658, 0.4688, 0.4717, 0.4747, 0.4777, 0.4808, 0.4774, 0.4805, 0.4771, 0.4803, 0.4834, 0.4867, 0.4832, 0.4865, 0.4898, 0.4932, 0.4966, 0.5000, 0.5035, 0.5070, 0.5106, 0.5143, 0.5108, 0.5145, 0.5109, 0.5147, 0.5111, 0.5149, 0.5188, 0.5152, 0.5191, 0.5231, 0.5271, 0.5312, 0.5354, 0.5397, 0.5440, 0.5484, 0.5447, 0.5492, 0.5537, 0.5583, 0.5546, 0.5593, 0.5641, 0.5690, 0.5652, 0.5702, 0.5664, 0.5714, 0.5766, 0.5818, 0.5780, 0.5833, 0.5888, 0.5943, 0.6000, 0.6058, 0.6117, 0.6176, 0.6238, 0.6300, 0.6364, 0.6429, 0.6392, 0.6458, 0.6526, 0.6489, 0.6452, 0.6522, 0.6484, 0.6556, 0.6517, 0.6591, 0.6667, 0.6744, 0.6824, 0.6905, 0.6867, 0.6951, 0.7037, 0.7125, 0.7215, 0.7308, 0.7403, 0.7500, 0.7467, 0.7568, 0.7671, 0.7639, 0.7606, 0.7714, 0.7681, 0.7647, 0.7612, 0.7576, 0.7692, 0.7656, 0.7619, 0.7742, 0.7705, 0.7667, 0.7627, 0.7586, 0.7719, 0.7857, 0.8000, 0.8148, 0.8302, 0.8462, 0.8431, 0.8400, 0.8367, 0.8333, 0.8298, 0.8261, 0.8222, 0.8182, 0.8372, 0.8333, 0.8537, 0.8500, 0.8462, 0.8421, 0.8649, 0.8611, 0.8571, 0.8529, 0.8485, 0.8438, 0.8387, 0.8333, 0.8276, 0.8571, 0.8889, 0.8846, 0.8800, 0.8750, 0.8696, 0.9091, 0.9048, 0.9000, 0.8947, 0.9444, 1.0000, 1.0000, 1.0000, 1.0000
Recall: 1.0000, 1.0000, 1.0000, 1.0000, 1.0000, 1.0000, 1.0000, 1.0000, 1.0000, 1.0000, 1.0000, 1.0000, 1.0000, 1.0000, 1.0000, 1.0000, 1.0000, 1.0000, 1.0000, 1.0000, 1.0000, 1.0000, 1.0000, 1.0000, 1.0000, 1.0000, 1.0000, 1.0000, 1.0000, 1.0000, 1.0000, 1.0000, 1.0000, 1.0000, 1.0000, 1.0000, 1.0000, 1.0000, 1.0000, 1.0000, 1.0000, 1.0000, 1.0000, 1.0000, 1.0000, 1.0000, 1.0000, 1.0000, 1.0000, 1.0000, 1.0000, 1.0000, 1.0000, 1.0000, 1.0000, 1.0000, 1.0000, 1.0000, 1.0000, 1.0000, 1.0000, 1.0000, 1.0000, 1.0000, 1.0000, 1.0000, 1.0000, 1.0000, 1.0000, 1.0000, 1.0000, 1.0000, 1.0000, 1.0000, 1.0000, 1.0000, 1.0000, 1.0000, 1.0000, 1.0000, 1.0000, 1.0000, 1.0000, 1.0000, 1.0000, 0.9885, 0.9885, 0.9885, 0.9885, 0.9885, 0.9885, 0.9885, 0.9885, 0.9885, 0.9885, 0.9885, 0.9885, 0.9885, 0.9885, 0.9885, 0.9885, 0.9770, 0.9770, 0.9770, 0.9655, 0.9655, 0.9655, 0.9655, 0.9655, 0.9655, 0.9655, 0.9655, 0.9655, 0.9655, 0.9655, 0.9655, 0.9655, 0.9655, 0.9655, 0.9655, 0.9655, 0.9655, 0.9655, 0.9655, 0.9655, 0.9655, 0.9655, 0.9655, 0.9655, 0.9655, 0.9655, 0.9655, 0.9540, 0.9540, 0.9540, 0.9540, 0.9540, 0.9540, 0.9540, 0.9540, 0.9540, 0.9540, 0.9540, 0.9540, 0.9540, 0.9540, 0.9540, 0.9540, 0.9540, 0.9540, 0.9540, 0.9540, 0.9540, 0.9540, 0.9540, 0.9540, 0.9540, 0.9540, 0.9540, 0.9540, 0.9425, 0.9425, 0.9310, 0.9195, 0.9080, 0.8966, 0.8851, 0.8621, 0.8621, 0.8621, 0.8621, 0.8621, 0.8621, 0.8506, 0.8506, 0.8391, 0.8391, 0.8391, 0.8391, 0.8276, 0.8276, 0.8276, 0.8276, 0.8276, 0.8276, 0.8276, 0.8276, 0.8276, 0.8276, 0.8161, 0.8161, 0.8046, 0.8046, 0.7931, 0.7931, 0.7931, 0.7816, 0.7816, 0.7816, 0.7816, 0.7816, 0.7816, 0.7816, 0.7816, 0.7816, 0.7701, 0.7701, 0.7701, 0.7701, 0.7586, 0.7586, 0.7586, 0.7586, 0.7471, 0.7471, 0.7356, 0.7356, 0.7356, 0.7356, 0.7241, 0.7241, 0.7241, 0.7241, 0.7241, 0.7241, 0.7241, 0.7241, 0.7241, 0.7241, 0.7241, 0.7241, 0.7126, 0.7126, 0.7126, 0.7011, 0.6897, 0.6897, 0.6782, 0.6782, 0.6667, 0.6667, 0.6667, 0.6667, 0.6667, 0.6667, 0.6552, 0.6552, 0.6552, 0.6552, 0.6552, 0.6552, 0.6552, 0.6552, 0.6437, 0.6437, 0.6437, 0.6322, 0.6207, 0.6207, 0.6092, 0.5977, 0.5862, 0.5747, 0.5747, 0.5632, 0.5517, 0.5517, 0.5402, 0.5287, 0.5172, 0.5057, 0.5057, 0.5057, 0.5057, 0.5057, 0.5057, 0.5057, 0.4943, 0.4828, 0.4713, 0.4598, 0.4483, 0.4368, 0.4253, 0.4138, 0.4138, 0.4023, 0.4023, 0.3908, 0.3793, 0.3678, 0.3678, 0.3563, 0.3448, 0.3333, 0.3218, 0.3103, 0.2989, 0.2874, 0.2759, 0.2759, 0.2759, 0.2644, 0.2529, 0.2414, 0.2299, 0.2299, 0.2184, 0.2069, 0.1954, 0.1954, 0.1954, 0.1839, 0.1494, 0.0000

African:
Precision: 0.3167, 0.3205, 0.3214, 0.3224, 0.3234, 0.3243, 0.3253, 0.3263, 0.3273, 0.3283, 0.3293, 0.3303, 0.3313, 0.3323, 0.3333, 0.3344, 0.3323, 0.3333, 0.3344, 0.3354, 0.3365, 0.3375, 0.3386, 0.3397, 0.3408, 0.3419, 0.3429, 0.3441, 0.3452, 0.3463, 0.3474, 0.3485, 0.3497, 0.3508, 0.3520, 0.3531, 0.3543, 0.3555, 0.3567, 0.3579, 0.3557, 0.3569, 0.3581, 0.3593, 0.3605, 0.3618, 0.3630, 0.3643, 0.3655, 0.3668, 0.3681, 0.3659, 0.3671, 0.3684, 0.3697, 0.3710, 0.3723, 0.3737, 0.3750, 0.3763, 0.3777, 0.3755, 0.3768, 0.3782, 0.3796, 0.3810, 0.3824, 0.3838, 0.3852, 0.3866, 0.3881, 0.3895, 0.3910, 0.3925, 0.3939, 0.3954, 0.3969, 0.3985, 0.4000, 0.4015, 0.4031, 0.4047, 0.4062, 0.4078, 0.4094, 0.4177, 0.4194, 0.4211, 0.4262, 0.4280, 0.4298, 0.4315, 0.4333, 0.4351, 0.4370, 0.4388, 0.4407, 0.4426, 0.4444, 0.4464, 0.4483, 0.4502, 0.4522, 0.4541, 0.4561, 0.4581, 0.4602, 0.4622, 0.4643, 0.4664, 0.4685, 0.4706, 0.4727, 0.4749, 0.4771, 0.4793, 0.4815, 0.4837, 0.4860, 0.4883, 0.4906, 0.4929, 0.4952, 0.5000, 0.5024, 0.5049, 0.5073, 0.5098, 0.5123, 0.5149, 0.5174, 0.5200, 0.5226, 0.5253, 0.5279, 0.5306, 0.5333, 0.5361, 0.5389, 0.5417, 0.5445, 0.5474, 0.5503, 0.5532, 0.5561, 0.5591, 0.5622, 0.5652, 0.5683, 0.5714, 0.5746, 0.5778, 0.5810, 0.5843, 0.5876, 0.5909, 0.5943, 0.5977, 0.6012, 0.6047, 0.6082, 0.6118, 0.6154, 0.6190, 0.6228, 0.6265, 0.6303, 0.6341, 0.6380, 0.6420, 0.6460, 0.6500, 0.6541, 0.6582, 0.6624, 0.6667, 0.6710, 0.6753, 0.6797, 0.6842, 0.6887, 0.6933, 0.6980, 0.7027, 0.7075, 0.7123, 0.7172, 0.7222, 0.7273, 0.7324, 0.7376, 0.7429, 0.7482, 0.7536, 0.7591, 0.7647, 0.7704, 0.7761, 0.7744, 0.7863, 0.7923, 0.7984, 0.8047, 0.8110, 0.8175, 0.8240, 0.8306, 0.8374, 0.8361, 0.8430, 0.8417, 0.8487, 0.8475, 0.8547, 0.8621, 0.8696, 0.8772, 0.8850, 0.8929, 0.9009, 0.9000, 0.9083, 0.9167, 0.9159, 0.9151, 0.9143, 0.9135, 0.9223, 0.9314, 0.9307, 0.9400, 0.9394, 0.9490, 0.9588, 0.9583, 0.9684, 0.9681, 0.9677, 0.9783, 0.9890, 0.9889, 0.9888, 0.9886, 0.9885, 0.9884, 0.9882, 0.9881, 0.9880, 0.9878, 0.9877, 0.9875, 0.9873, 0.9872, 0.9870, 0.9868, 0.9867, 0.9865, 0.9863, 0.9861, 0.9859, 0.9857, 0.9855, 0.9853, 0.9851, 0.9848, 0.9846, 0.9844, 0.9841, 0.9839, 0.9836, 0.9833, 0.9831, 0.9828, 0.9825, 0.9821, 0.9818, 0.9815, 0.9811, 0.9808, 0.9804, 0.9800, 0.9796, 0.9792, 0.9787, 0.9783, 0.9778, 0.9773, 0.9767, 0.9762, 0.9756, 0.9750, 0.9744, 0.9737, 0.9730, 0.9722, 0.9714, 0.9706, 0.9697, 0.9688, 0.9677, 0.9667, 0.9655, 0.9643, 0.9630, 0.9615, 0.9600, 0.9583, 0.9565, 0.9545, 1.0000, 1.0000, 1.0000, 1.0000, 1.0000, 1.0000, 1.0000, 1.0000, 1.0000, 1.0000, 1.0000, 1.0000, 1.0000, 1.0000, 1.0000, 1.0000, 1.0000
Recall: 1.0000, 1.0000, 1.0000, 1.0000, 1.0000, 1.0000, 1.0000, 1.0000, 1.0000, 1.0000, 1.0000, 1.0000, 1.0000, 1.0000, 1.0000, 1.0000, 0.9907, 0.9907, 0.9907, 0.9907, 0.9907, 0.9907, 0.9907, 0.9907, 0.9907, 0.9907, 0.9907, 0.9907, 0.9907, 0.9907, 0.9907, 0.9907, 0.9907, 0.9907, 0.9907, 0.9907, 0.9907, 0.9907, 0.9907, 0.9907, 0.9815, 0.9815, 0.9815, 0.9815, 0.9815, 0.9815, 0.9815, 0.9815, 0.9815, 0.9815, 0.9815, 0.9722, 0.9722, 0.9722, 0.9722, 0.9722, 0.9722, 0.9722, 0.9722, 0.9722, 0.9722, 0.9630, 0.9630, 0.9630, 0.9630, 0.9630, 0.9630, 0.9630, 0.9630, 0.9630, 0.9630, 0.9630, 0.9630, 0.9630, 0.9630, 0.9630, 0.9630, 0.9630, 0.9630, 0.9630, 0.9630, 0.9630, 0.9630, 0.9630, 0.9630, 0.9630, 0.9630, 0.9630, 0.9630, 0.9630, 0.9630, 0.9630, 0.9630, 0.9630, 0.9630, 0.9630, 0.9630, 0.9630, 0.9630, 0.9630, 0.9630, 0.9630, 0.9630, 0.9630, 0.9630, 0.9630, 0.9630, 0.9630, 0.9630, 0.9630, 0.9630, 0.9630, 0.9630, 0.9630, 0.9630, 0.9630, 0.9630, 0.9630, 0.9630, 0.9630, 0.9630, 0.9630, 0.9630, 0.9630, 0.9630, 0.9630, 0.9630, 0.9630, 0.9630, 0.9630, 0.9630, 0.9630, 0.9630, 0.9630, 0.9630, 0.9630, 0.9630, 0.9630, 0.9630, 0.9630, 0.9630, 0.9630, 0.9630, 0.9630, 0.9630, 0.9630, 0.9630, 0.9630, 0.9630, 0.9630, 0.9630, 0.9630, 0.9630, 0.9630, 0.9630, 0.9630, 0.9630, 0.9630, 0.9630, 0.9630, 0.9630, 0.9630, 0.9630, 0.9630, 0.9630, 0.9630, 0.9630, 0.9630, 0.9630, 0.9630, 0.9630, 0.9630, 0.9630, 0.9630, 0.9630, 0.9630, 0.9630, 0.9630, 0.9630, 0.9630, 0.9630, 0.9630, 0.9630, 0.9630, 0.9630, 0.9630, 0.9630, 0.9630, 0.9630, 0.9630, 0.9630, 0.9630, 0.9630, 0.9630, 0.9630, 0.9630, 0.9630, 0.9630, 0.9537, 0.9537, 0.9537, 0.9537, 0.9537, 0.9537, 0.9537, 0.9537, 0.9537, 0.9537, 0.9444, 0.9444, 0.9352, 0.9352, 0.9259, 0.9259, 0.9259, 0.9259, 0.9259, 0.9259, 0.9259, 0.9259, 0.9167, 0.9167, 0.9167, 0.9074, 0.8981, 0.8889, 0.8796, 0.8796, 0.8796, 0.8704, 0.8704, 0.8611, 0.8611, 0.8611, 0.8519, 0.8519, 0.8426, 0.8333, 0.8333, 0.8333, 0.8241, 0.8148, 0.8056, 0.7963, 0.7870, 0.7778, 0.7685, 0.7593, 0.7500, 0.7407, 0.7315, 0.7222, 0.7130, 0.7037, 0.6944, 0.6852, 0.6759, 0.6667, 0.6574, 0.6481, 0.6389, 0.6296, 0.6204, 0.6111, 0.6019, 0.5926, 0.5833, 0.5741, 0.5648, 0.5556, 0.5463, 0.5370, 0.5278, 0.5185, 0.5093, 0.5000, 0.4907, 0.4815, 0.4722, 0.4630, 0.4537, 0.4444, 0.4352, 0.4259, 0.4167, 0.4074, 0.3981, 0.3889, 0.3796, 0.3704, 0.3611, 0.3519, 0.3426, 0.3333, 0.3241, 0.3148, 0.3056, 0.2963, 0.2870, 0.2778, 0.2685, 0.2593, 0.2500, 0.2407, 0.2315, 0.2222, 0.2130, 0.2037, 0.1944, 0.1944, 0.1852, 0.1759, 0.1667, 0.1574, 0.1481, 0.1389, 0.1296, 0.1204, 0.1111, 0.1019, 0.0833, 0.0741, 0.0648, 0.0556, 0.0463, 0.0000

Asian:
Precision: 0.4282, 0.4332, 0.4345, 0.4358, 0.4371, 0.4384, 0.4398, 0.4411, 0.4424, 0.4438, 0.4451, 0.4465, 0.4479, 0.4492, 0.4506, 0.4520, 0.4503, 0.4517, 0.4531, 0.4545, 0.4528, 0.4543, 0.4557, 0.4571, 0.4586, 0.4569, 0.4551, 0.4566, 0.4581, 0.4595, 0.4610, 0.4625, 0.4641, 0.4656, 0.4671, 0.4653, 0.4669, 0.4684, 0.4700, 0.4716, 0.4732, 0.4714, 0.4730, 0.4746, 0.4762, 0.4778, 0.4795, 0.4811, 0.4828, 0.4844, 0.4826, 0.4808, 0.4790, 0.4807, 0.4824, 0.4806, 0.4892, 0.4910, 0.4928, 0.4945, 0.4964, 0.4982, 0.5018, 0.5037, 0.5056, 0.5075, 0.5094, 0.5113, 0.5132, 0.5152, 0.5171, 0.5191, 0.5211, 0.5231, 0.5212, 0.5233, 0.5253, 0.5273, 0.5294, 0.5315, 0.5336, 0.5357, 0.5378, 0.5400, 0.5422, 0.5444, 0.5466, 0.5488, 0.5510, 0.5533, 0.5556, 0.5579, 0.5602, 0.5625, 0.5649, 0.5672, 0.5696, 0.5720, 0.5745, 0.5769, 0.5794, 0.5819, 0.5844, 0.5870, 0.5895, 0.5921, 0.5947, 0.5973, 0.6000, 0.6027, 0.6054, 0.6081, 0.6109, 0.6136, 0.6164, 0.6147, 0.6175, 0.6204, 0.6233, 0.6262, 0.6291, 0.6321, 0.6351, 0.6381, 0.6411, 0.6442, 0.6473, 0.6505, 0.6537, 0.6569, 0.6601, 0.6634, 0.6667, 0.6700, 0.6734, 0.6768, 0.6802, 0.6837, 0.6872, 0.6907, 0.6943, 0.6979, 0.7016, 0.7053, 0.7090, 0.7128, 0.7166, 0.7204, 0.7243, 0.7283, 0.7268, 0.7253, 0.7293, 0.7333, 0.7318, 0.7360, 0.7345, 0.7386, 0.7371, 0.7414, 0.7399, 0.7442, 0.7485, 0.7529, 0.7574, 0.7619, 0.7665, 0.7651, 0.7697, 0.7744, 0.7730, 0.7778, 0.7826, 0.7812, 0.7799, 0.7785, 0.7834, 0.7885, 0.7871, 0.7922, 0.7974, 0.7961, 0.7947, 0.8000, 0.7987, 0.7973, 0.8027, 0.8014, 0.8000, 0.7986, 0.8042, 0.8028, 0.8014, 0.8000, 0.8058, 0.8175, 0.8162, 0.8148, 0.8209, 0.8271, 0.8258, 0.8244, 0.8231, 0.8295, 0.8281, 0.8346, 0.8413, 0.8400, 0.8468, 0.8455, 0.8525, 0.8512, 0.8500, 0.8487, 0.8475, 0.8462, 0.8448, 0.8435, 0.8421, 0.8407, 0.8482, 0.8468, 0.8455, 0.8440, 0.8426, 0.8411, 0.8491, 0.8476, 0.8462, 0.8447, 0.8431, 0.8515, 0.8500, 0.8485, 0.8469, 0.8454, 0.8438, 0.8421, 0.8404, 0.8387, 0.8478, 0.8571, 0.8556, 0.8652, 0.8636, 0.8621, 0.8605, 0.8706, 0.8810, 0.8916, 0.8902, 0.8889, 0.8875, 0.8861, 0.8846, 0.8831, 0.8816, 0.8800, 0.8784, 0.8767, 0.8750, 0.8732, 0.8714, 0.8696, 0.8824, 0.8806, 0.8788, 0.8769, 0.8750, 0.8730, 0.8710, 0.8689, 0.8644, 0.8621, 0.8596, 0.8571, 0.8545, 0.8519, 0.8491, 0.8462, 0.8431, 0.8400, 0.8367, 0.8333, 0.8511, 0.8478, 0.8444, 0.8409, 0.8372, 0.8571, 0.8537, 0.8500, 0.8462, 0.8684, 0.8649, 0.8611, 0.8571, 0.8529, 0.8485, 0.8438, 0.8387, 0.8333, 0.8276, 0.8214, 0.8148, 0.8077, 0.8400, 0.8182, 0.8571, 0.8500, 0.8000, 0.8571, 0.8462, 0.8333, 0.8182, 0.8000, 0.7778, 0.7500, 0.7143, 0.6667, 0.6000, 0.7500, 0.6667, 0.5000, 1.0000, 1.0000
Recall: 1.0000, 1.0000, 1.0000, 1.0000, 1.0000, 1.0000, 1.0000, 1.0000, 1.0000, 1.0000, 1.0000, 1.0000, 1.0000, 1.0000, 1.0000, 1.0000, 0.9932, 0.9932, 0.9932, 0.9932, 0.9863, 0.9863, 0.9863, 0.9863, 0.9863, 0.9795, 0.9726, 0.9726, 0.9726, 0.9726, 0.9726, 0.9726, 0.9726, 0.9726, 0.9726, 0.9658, 0.9658, 0.9658, 0.9658, 0.9658, 0.9658, 0.9589, 0.9589, 0.9589, 0.9589, 0.9589, 0.9589, 0.9589, 0.9589, 0.9589, 0.9521, 0.9452, 0.9384, 0.9384, 0.9384, 0.9315, 0.9315, 0.9315, 0.9315, 0.9315, 0.9315, 0.9315, 0.9315, 0.9315, 0.9315, 0.9315, 0.9315, 0.9315, 0.9315, 0.9315, 0.9315, 0.9315, 0.9315, 0.9315, 0.9247, 0.9247, 0.9247, 0.9247, 0.9247, 0.9247, 0.9247, 0.9247, 0.9247, 0.9247, 0.9247, 0.9247, 0.9247, 0.9247, 0.9247, 0.9247, 0.9247, 0.9247, 0.9247, 0.9247, 0.9247, 0.9247, 0.9247, 0.9247, 0.9247, 0.9247, 0.9247, 0.9247, 0.9247, 0.9247, 0.9247, 0.9247, 0.9247, 0.9247, 0.9247, 0.9247, 0.9247, 0.9247, 0.9247, 0.9247, 0.9247, 0.9178, 0.9178, 0.9178, 0.9178, 0.9178, 0.9178, 0.9178, 0.9178, 0.9178, 0.9178, 0.9178, 0.9178, 0.9178, 0.9178, 0.9178, 0.9178, 0.9178, 0.9178, 0.9178, 0.9178, 0.9178, 0.9178, 0.9178, 0.9178, 0.9178, 0.9178, 0.9178, 0.9178, 0.9178, 0.9178, 0.9178, 0.9178, 0.9178, 0.9178, 0.9178, 0.9110, 0.9041, 0.9041, 0.9041, 0.8973, 0.8973, 0.8904, 0.8904, 0.8836, 0.8836, 0.8767, 0.8767, 0.8767, 0.8767, 0.8767, 0.8767, 0.8767, 0.8699, 0.8699, 0.8699, 0.8630, 0.8630, 0.8630, 0.8562, 0.8493, 0.8425, 0.8425, 0.8425, 0.8356, 0.8356, 0.8356, 0.8288, 0.8219, 0.8219, 0.8151, 0.8082, 0.8082, 0.8014, 0.7945, 0.7877, 0.7877, 0.7808, 0.7740, 0.7671, 0.7671, 0.7671, 0.7603, 0.7534, 0.7534, 0.7534, 0.7466, 0.7397, 0.7329, 0.7329, 0.7260, 0.7260, 0.7260, 0.7192, 0.7192, 0.7123, 0.7123, 0.7055, 0.6986, 0.6918, 0.6849, 0.6781, 0.6712, 0.6644, 0.6575, 0.6507, 0.6507, 0.6438, 0.6370, 0.6301, 0.6233, 0.6164, 0.6164, 0.6096, 0.6027, 0.5959, 0.5890, 0.5890, 0.5822, 0.5753, 0.5685, 0.5616, 0.5548, 0.5479, 0.5411, 0.5342, 0.5342, 0.5342, 0.5274, 0.5274, 0.5205, 0.5137, 0.5068, 0.5068, 0.5068, 0.5068, 0.5000, 0.4932, 0.4863, 0.4795, 0.4726, 0.4658, 0.4589, 0.4521, 0.4452, 0.4384, 0.4315, 0.4247, 0.4178, 0.4110, 0.4110, 0.4041, 0.3973, 0.3904, 0.3836, 0.3767, 0.3699, 0.3630, 0.3493, 0.3425, 0.3356, 0.3288, 0.3219, 0.3151, 0.3082, 0.3014, 0.2945, 0.2877, 0.2808, 0.2740, 0.2740, 0.2671, 0.2603, 0.2534, 0.2466, 0.2466, 0.2397, 0.2329, 0.2260, 0.2260, 0.2192, 0.2123, 0.2055, 0.1986, 0.1918, 0.1849, 0.1781, 0.1712, 0.1644, 0.1575, 0.1507, 0.1438, 0.1438, 0.1233, 0.1233, 0.1164, 0.0822, 0.0822, 0.0753, 0.0685, 0.0616, 0.0548, 0.0479, 0.0411, 0.0342, 0.0274, 0.0205, 0.0205, 0.0137, 0.0068, 0.0068, 0.0000


10K.csv:
--------
European:
Precision: 0.2551, 0.2582, 0.2589, 0.2597, 0.2605, 0.2613, 0.2620, 0.2628, 0.2636, 0.2644, 0.2652, 0.2661, 0.2677, 0.2685, 0.2693, 0.2702, 0.2710, 0.2719, 0.2727, 0.2736, 0.2762, 0.2806, 0.2816, 0.2825, 0.2834, 0.2843, 0.2852, 0.2862, 0.2881, 0.2900, 0.2910, 0.2919, 0.2939, 0.2949, 0.2969, 0.2979, 0.2990, 0.3000, 0.3042, 0.3053, 0.3063, 0.3085, 0.3107, 0.3129, 0.3152, 0.3175, 0.3187, 0.3210, 0.3234, 0.3246, 0.3295, 0.3321, 0.3333, 0.3346, 0.3359, 0.3372, 0.3385, 0.3398, 0.3425, 0.3439, 0.3466, 0.3480, 0.3494, 0.3508, 0.3537, 0.3551, 0.3566, 0.3595, 0.3610, 0.3625, 0.3640, 0.3655, 0.3671, 0.3686, 0.3702, 0.3718, 0.3734, 0.3750, 0.3766, 0.3783, 0.3799, 0.3816, 0.3833, 0.3850, 0.3867, 0.3884, 0.3901, 0.3919, 0.3955, 0.3973, 0.3991, 0.4009, 0.4028, 0.4047, 0.4065, 0.4085, 0.4104, 0.4123, 0.4143, 0.4163, 0.4183, 0.4203, 0.4223, 0.4244, 0.4265, 0.4286, 0.4307, 0.4328, 0.4350, 0.4372, 0.4394, 0.4416, 0.4439, 0.4462, 0.4485, 0.4508, 0.4531, 0.4555, 0.4579, 0.4603, 0.4628, 0.4652, 0.4677, 0.4703, 0.4728, 0.4754, 0.4780, 0.4807, 0.4833, 0.4860, 0.4888, 0.4915, 0.4943, 0.4971, 0.5000, 0.5029, 0.5058, 0.5088, 0.5118, 0.5148, 0.5179, 0.5210, 0.5273, 0.5305, 0.5337, 0.5370, 0.5404, 0.5437, 0.5472, 0.5506, 0.5541, 0.5577, 0.5613, 0.5649, 0.5686, 0.5724, 0.5762, 0.5800, 0.5839, 0.5878, 0.5918, 0.5959, 0.6000, 0.6042, 0.6084, 0.6056, 0.5971, 0.6014, 0.6058, 0.6103, 0.6148, 0.6194, 0.6241, 0.6288, 0.6336, 0.6385, 0.6434, 0.6484, 0.6535, 0.6587, 0.6640, 0.6694, 0.6748, 0.6803, 0.6860, 0.6917, 0.6975, 0.7034, 0.7094, 0.7155, 0.7217, 0.7281, 0.7345, 0.7411, 0.7477, 0.7545, 0.7615, 0.7685, 0.7757, 0.7830, 0.7905, 0.7981, 0.8058, 0.8137, 0.8218, 0.8300, 0.8384, 0.8469, 0.8557, 0.8646, 0.8737, 0.8830, 0.8925, 0.9022, 0.9121, 0.9222, 0.9326, 0.9432, 0.9540, 0.9651, 0.9765, 0.9762, 0.9880, 0.9878, 0.9877, 0.9875, 0.9873, 0.9872, 0.9870, 0.9868, 0.9867, 0.9865, 0.9863, 0.9861, 1.0000, 1.0000, 1.0000, 1.0000, 1.0000, 1.0000, 1.0000, 1.0000, 1.0000, 1.0000, 1.0000, 1.0000, 1.0000, 1.0000, 1.0000, 1.0000, 1.0000, 1.0000, 1.0000, 1.0000, 1.0000, 1.0000, 1.0000, 1.0000, 1.0000, 1.0000, 1.0000, 1.0000, 1.0000, 1.0000, 1.0000, 1.0000, 1.0000, 1.0000, 1.0000, 1.0000, 1.0000, 1.0000, 1.0000, 1.0000, 1.0000, 1.0000, 1.0000, 1.0000, 1.0000, 1.0000, 1.0000, 1.0000, 1.0000, 1.0000, 1.0000, 1.0000, 1.0000, 1.0000, 1.0000, 1.0000, 1.0000, 1.0000, 1.0000
Recall: 1.0000, 1.0000, 1.0000, 1.0000, 1.0000, 1.0000, 1.0000, 1.0000, 1.0000, 1.0000, 1.0000, 1.0000, 1.0000, 1.0000, 1.0000, 1.0000, 1.0000, 1.0000, 1.0000, 1.0000, 1.0000, 1.0000, 1.0000, 1.0000, 1.0000, 1.0000, 1.0000, 1.0000, 1.0000, 1.0000, 1.0000, 1.0000, 1.0000, 1.0000, 1.0000, 1.0000, 1.0000, 1.0000, 1.0000, 1.0000, 1.0000, 1.0000, 1.0000, 1.0000, 1.0000, 1.0000, 1.0000, 1.0000, 1.0000, 1.0000, 1.0000, 1.0000, 1.0000, 1.0000, 1.0000, 1.0000, 1.0000, 1.0000, 1.0000, 1.0000, 1.0000, 1.0000, 1.0000, 1.0000, 1.0000, 1.0000, 1.0000, 1.0000, 1.0000, 1.0000, 1.0000, 1.0000, 1.0000, 1.0000, 1.0000, 1.0000, 1.0000, 1.0000, 1.0000, 1.0000, 1.0000, 1.0000, 1.0000, 1.0000, 1.0000, 1.0000, 1.0000, 1.0000, 1.0000, 1.0000, 1.0000, 1.0000, 1.0000, 1.0000, 1.0000, 1.0000, 1.0000, 1.0000, 1.0000, 1.0000, 1.0000, 1.0000, 1.0000, 1.0000, 1.0000, 1.0000, 1.0000, 1.0000, 1.0000, 1.0000, 1.0000, 1.0000, 1.0000, 1.0000, 1.0000, 1.0000, 1.0000, 1.0000, 1.0000, 1.0000, 1.0000, 1.0000, 1.0000, 1.0000, 1.0000, 1.0000, 1.0000, 1.0000, 1.0000, 1.0000, 1.0000, 1.0000, 1.0000, 1.0000, 1.0000, 1.0000, 1.0000, 1.0000, 1.0000, 1.0000, 1.0000, 1.0000, 1.0000, 1.0000, 1.0000, 1.0000, 1.0000, 1.0000, 1.0000, 1.0000, 1.0000, 1.0000, 1.0000, 1.0000, 1.0000, 1.0000, 1.0000, 1.0000, 1.0000, 1.0000, 1.0000, 1.0000, 1.0000, 1.0000, 1.0000, 0.9885, 0.9540, 0.9540, 0.9540, 0.9540, 0.9540, 0.9540, 0.9540, 0.9540, 0.9540, 0.9540, 0.9540, 0.9540, 0.9540, 0.9540, 0.9540, 0.9540, 0.9540, 0.9540, 0.9540, 0.9540, 0.9540, 0.9540, 0.9540, 0.9540, 0.9540, 0.9540, 0.9540, 0.9540, 0.9540, 0.9540, 0.9540, 0.9540, 0.9540, 0.9540, 0.9540, 0.9540, 0.9540, 0.9540, 0.9540, 0.9540, 0.9540, 0.9540, 0.9540, 0.9540, 0.9540, 0.9540, 0.9540, 0.9540, 0.9540, 0.9540, 0.9540, 0.9540, 0.9540, 0.9540, 0.9540, 0.9425, 0.9425, 0.9310, 0.9195, 0.9080, 0.8966, 0.8851, 0.8736, 0.8621, 0.8506, 0.8391, 0.8276, 0.8161, 0.8161, 0.8046, 0.7931, 0.7816, 0.7701, 0.7586, 0.7471, 0.7356, 0.7241, 0.7126, 0.7011, 0.6897, 0.6782, 0.6667, 0.6552, 0.6437, 0.6322, 0.6207, 0.6092, 0.5977, 0.5862, 0.5747, 0.5632, 0.5517, 0.5402, 0.5287, 0.5172, 0.5057, 0.4943, 0.4828, 0.4713, 0.4598, 0.4483, 0.4368, 0.4253, 0.4138, 0.4023, 0.3908, 0.3793, 0.3678, 0.3563, 0.3448, 0.3333, 0.3218, 0.3103, 0.2989, 0.2874, 0.2759, 0.2644, 0.2414, 0.2299, 0.2184, 0.2069, 0.1954, 0.1839, 0.1724, 0.1609, 0.1264, 0.0000

African:
Precision: 0.3167, 0.3195, 0.3205, 0.3214, 0.3224, 0.3234, 0.3273, 0.3283, 0.3293, 0.3303, 0.3313, 0.3323, 0.3333, 0.3344, 0.3354, 0.3364, 0.3375, 0.3386, 0.3396, 0.3407, 0.3418, 0.3429, 0.3439, 0.3450, 0.3462, 0.3473, 0.3484, 0.3495, 0.3506, 0.3518, 0.3529, 0.3541, 0.3553, 0.3564, 0.3576, 0.3588, 0.3600, 0.3612, 0.3624, 0.3636, 0.3649, 0.3661, 0.3673, 0.3686, 0.3699, 0.3711, 0.3724, 0.3737, 0.3750, 0.3763, 0.3776, 0.3789, 0.3803, 0.3816, 0.3830, 0.3843, 0.3857, 0.3871, 0.3885, 0.3899, 0.3913, 0.3927, 0.3942, 0.3956, 0.3971, 0.3985, 0.4000, 0.4015, 0.4030, 0.4045, 0.4060, 0.4075, 0.4091, 0.4068, 0.4084, 0.4100, 0.4115, 0.4131, 0.4147, 0.4163, 0.4180, 0.4196, 0.4213, 0.4229, 0.4246, 0.4263, 0.4280, 0.4297, 0.4315, 0.4332, 0.4350, 0.4367, 0.4385, 0.4403, 0.4421, 0.4440, 0.4458, 0.4477, 0.4496, 0.4515, 0.4534, 0.4553, 0.4573, 0.4592, 0.4612, 0.4632, 0.4652, 0.4672, 0.4693, 0.4714, 0.4735, 0.4756, 0.4777, 0.4798, 0.4820, 0.4842, 0.4864, 0.4886, 0.4908, 0.4931, 0.4977, 0.5000, 0.5023, 0.5047, 0.5071, 0.5095, 0.5120, 0.5144, 0.5169, 0.5194, 0.5220, 0.5245, 0.5271, 0.5297, 0.5323, 0.5350, 0.5377, 0.5404, 0.5431, 0.5459, 0.5487, 0.5515, 0.5544, 0.5573, 0.5602, 0.5632, 0.5661, 0.5691, 0.5722, 0.5753, 0.5784, 0.5815, 0.5847, 0.5879, 0.5912, 0.5944, 0.5978, 0.6011, 0.6045, 0.6080, 0.6114, 0.6149, 0.6185, 0.6221, 0.6257, 0.6294, 0.6331, 0.6369, 0.6407, 0.6446, 0.6485, 0.6524, 0.6564, 0.6605, 0.6646, 0.6687, 0.6730, 0.6772, 0.6815, 0.6859, 0.6903, 0.6948, 0.6993, 0.7039, 0.7086, 0.7133, 0.7181, 0.7230, 0.7279, 0.7329, 0.7379, 0.7431, 0.7483, 0.7535, 0.7643, 0.7698, 0.7754, 0.7810, 0.7868, 0.7926, 0.7985, 0.8045, 0.8106, 0.8168, 0.8231, 0.8295, 0.8359, 0.8425, 0.8492, 0.8560, 0.8629, 0.8699, 0.8770, 0.8843, 0.8992, 0.9068, 0.9145, 0.9224, 0.9304, 0.9386, 0.9469, 0.9554, 0.9640, 0.9907, 1.0000, 1.0000, 1.0000, 1.0000, 1.0000, 1.0000, 1.0000, 1.0000, 1.0000, 1.0000, 1.0000, 1.0000, 1.0000, 1.0000, 1.0000, 1.0000, 1.0000, 1.0000, 1.0000, 1.0000, 1.0000, 1.0000, 1.0000, 1.0000, 1.0000, 1.0000, 1.0000, 1.0000, 1.0000, 1.0000, 1.0000, 1.0000, 1.0000, 1.0000, 1.0000, 1.0000, 1.0000, 1.0000, 1.0000, 1.0000, 1.0000, 1.0000, 1.0000, 1.0000, 1.0000, 1.0000, 1.0000, 1.0000, 1.0000, 1.0000, 1.0000, 1.0000, 1.0000, 1.0000, 1.0000, 1.0000, 1.0000, 1.0000, 1.0000, 1.0000, 1.0000, 1.0000, 1.0000, 1.0000, 1.0000, 1.0000, 1.0000, 1.0000, 1.0000, 1.0000, 1.0000, 1.0000, 1.0000, 1.0000, 1.0000, 1.0000, 1.0000
Recall: 1.0000, 1.0000, 1.0000, 1.0000, 1.0000, 1.0000, 1.0000, 1.0000, 1.0000, 1.0000, 1.0000, 1.0000, 1.0000, 1.0000, 1.0000, 1.0000, 1.0000, 1.0000, 1.0000, 1.0000, 1.0000, 1.0000, 1.0000, 1.0000, 1.0000, 1.0000, 1.0000, 1.0000, 1.0000, 1.0000, 1.0000, 1.0000, 1.0000, 1.0000, 1.0000, 1.0000, 1.0000, 1.0000, 1.0000, 1.0000, 1.0000, 1.0000, 1.0000, 1.0000, 1.0000, 1.0000, 1.0000, 1.0000, 1.0000, 1.0000, 1.0000, 1.0000, 1.0000, 1.0000, 1.0000, 1.0000, 1.0000, 1.0000, 1.0000, 1.0000, 1.0000, 1.0000, 1.0000, 1.0000, 1.0000, 1.0000, 1.0000, 1.0000, 1.0000, 1.0000, 1.0000, 1.0000, 1.0000, 0.9907, 0.9907, 0.9907, 0.9907, 0.9907, 0.9907, 0.9907, 0.9907, 0.9907, 0.9907, 0.9907, 0.9907, 0.9907, 0.9907, 0.9907, 0.9907, 0.9907, 0.9907, 0.9907, 0.9907, 0.9907, 0.9907, 0.9907, 0.9907, 0.9907, 0.9907, 0.9907, 0.9907, 0.9907, 0.9907, 0.9907, 0.9907, 0.9907, 0.9907, 0.9907, 0.9907, 0.9907, 0.9907, 0.9907, 0.9907, 0.9907, 0.9907, 0.9907, 0.9907, 0.9907, 0.9907, 0.9907, 0.9907, 0.9907, 0.9907, 0.9907, 0.9907, 0.9907, 0.9907, 0.9907, 0.9907, 0.9907, 0.9907, 0.9907, 0.9907, 0.9907, 0.9907, 0.9907, 0.9907, 0.9907, 0.9907, 0.9907, 0.9907, 0.9907, 0.9907, 0.9907, 0.9907, 0.9907, 0.9907, 0.9907, 0.9907, 0.9907, 0.9907, 0.9907, 0.9907, 0.9907, 0.9907, 0.9907, 0.9907, 0.9907, 0.9907, 0.9907, 0.9907, 0.9907, 0.9907, 0.9907, 0.9907, 0.9907, 0.9907, 0.9907, 0.9907, 0.9907, 0.9907, 0.9907, 0.9907, 0.9907, 0.9907, 0.9907, 0.9907, 0.9907, 0.9907, 0.9907, 0.9907, 0.9907, 0.9907, 0.9907, 0.9907, 0.9907, 0.9907, 0.9907, 0.9907, 0.9907, 0.9907, 0.9907, 0.9907, 0.9907, 0.9907, 0.9907, 0.9907, 0.9907, 0.9907, 0.9907, 0.9907, 0.9907, 0.9907, 0.9907, 0.9907, 0.9907, 0.9907, 0.9907, 0.9907, 0.9907, 0.9907, 0.9907, 0.9907, 0.9907, 0.9907, 0.9907, 0.9907, 0.9907, 0.9907, 0.9907, 0.9907, 0.9907, 0.9907, 0.9907, 0.9907, 0.9815, 0.9722, 0.9630, 0.9537, 0.9444, 0.9352, 0.9259, 0.9167, 0.9074, 0.8981, 0.8889, 0.8796, 0.8611, 0.8519, 0.8426, 0.8333, 0.8148, 0.8056, 0.7870, 0.7778, 0.7685, 0.7593, 0.7500, 0.7407, 0.7315, 0.7130, 0.6759, 0.6667, 0.6481, 0.6296, 0.6204, 0.6019, 0.5833, 0.5648, 0.5463, 0.5278, 0.5185, 0.5093, 0.4722, 0.4630, 0.4537, 0.4444, 0.4259, 0.4167, 0.3981, 0.3889, 0.3796, 0.3611, 0.3426, 0.3333, 0.3241, 0.3148, 0.3056, 0.2963, 0.2870, 0.2407, 0.2130, 0.2037, 0.1944, 0.1852, 0.1759, 0.1667, 0.1574, 0.1481, 0.1296, 0.1204, 0.1111, 0.1019, 0.0926, 0.0833, 0.0741, 0.0648, 0.0556, 0.0463, 0.0370, 0.0000

Asian:
Precision: 0.4282, 0.4320, 0.4332, 0.4345, 0.4358, 0.4371, 0.4424, 0.4438, 0.4451, 0.4465, 0.4479, 0.4492, 0.4506, 0.4520, 0.4534, 0.4548, 0.4562, 0.4577, 0.4591, 0.4606, 0.4620, 0.4635, 0.4650, 0.4665, 0.4679, 0.4695, 0.4710, 0.4725, 0.4740, 0.4756, 0.4771, 0.4787, 0.4803, 0.4818, 0.4834, 0.4850, 0.4867, 0.4883, 0.4899, 0.4916, 0.4932, 0.4949, 0.4966, 0.4983, 0.5000, 0.5017, 0.5034, 0.5052, 0.5069, 0.5087, 0.5105, 0.5123, 0.5141, 0.5159, 0.5177, 0.5196, 0.5214, 0.5233, 0.5252, 0.5271, 0.5290, 0.5309, 0.5328, 0.5348, 0.5368, 0.5387, 0.5407, 0.5428, 0.5448, 0.5468, 0.5489, 0.5509, 0.5530, 0.5551, 0.5573, 0.5594, 0.5615, 0.5637, 0.5659, 0.5748, 0.5771, 0.5794, 0.5817, 0.5840, 0.5863, 0.5887, 0.5911, 0.5935, 0.5959, 0.5984, 0.6033, 0.6058, 0.6083, 0.6109, 0.6134, 0.6160, 0.6186, 0.6213, 0.6293, 0.6432, 0.6460, 0.6489, 0.6518, 0.6547, 0.6577, 0.6606, 0.6667, 0.6728, 0.6759, 0.6791, 0.6854, 0.6887, 0.6919, 0.6952, 0.6986, 0.7019, 0.7053, 0.7192, 0.7228, 0.7264, 0.7337, 0.7411, 0.7487, 0.7565, 0.7644, 0.7684, 0.7766, 0.7849, 0.7892, 0.8066, 0.8156, 0.8202, 0.8249, 0.8295, 0.8343, 0.8391, 0.8439, 0.8538, 0.8588, 0.8690, 0.8743, 0.8795, 0.8848, 0.8957, 0.9012, 0.9068, 0.9125, 0.9182, 0.9177, 0.9236, 0.9295, 0.9355, 0.9416, 0.9477, 0.9539, 0.9603, 0.9667, 0.9664, 0.9730, 0.9728, 0.9795, 1.0000, 1.0000, 1.0000, 1.0000, 1.0000, 1.0000, 1.0000, 1.0000, 1.0000, 1.0000, 1.0000, 1.0000, 1.0000, 1.0000, 1.0000, 1.0000, 1.0000, 1.0000, 1.0000, 1.0000, 1.0000, 1.0000, 1.0000, 1.0000, 1.0000, 1.0000, 1.0000, 1.0000, 1.0000, 1.0000, 1.0000, 1.0000, 1.0000, 1.0000, 1.0000, 1.0000, 1.0000, 1.0000, 1.0000, 1.0000, 1.0000, 1.0000, 1.0000, 1.0000, 1.0000, 1.0000, 1.0000, 1.0000, 1.0000, 1.0000, 1.0000, 1.0000, 1.0000, 1.0000, 1.0000, 1.0000, 1.0000, 1.0000, 1.0000, 1.0000, 1.0000, 1.0000, 1.0000, 1.0000, 1.0000, 1.0000, 1.0000, 1.0000, 1.0000, 1.0000, 1.0000, 1.0000, 1.0000, 1.0000, 1.0000, 1.0000, 1.0000, 1.0000, 1.0000, 1.0000, 1.0000, 1.0000, 1.0000, 1.0000, 1.0000, 1.0000, 1.0000, 1.0000, 1.0000, 1.0000, 1.0000, 1.0000, 1.0000, 1.0000, 1.0000, 1.0000, 1.0000, 1.0000, 1.0000, 1.0000, 1.0000, 1.0000, 1.0000, 1.0000, 1.0000, 1.0000, 1.0000, 1.0000, 1.0000, 1.0000, 1.0000, 1.0000, 1.0000, 1.0000, 1.0000, 1.0000, 1.0000, 1.0000, 1.0000, 1.0000, 1.0000, 1.0000, 1.0000, 1.0000, 1.0000, 1.0000, 1.0000, 1.0000, 1.0000, 1.0000, 1.0000, 1.0000, 1.0000, 1.0000, 1.0000, 1.0000, 1.0000, 1.0000, 1.0000, 1.0000, 1.0000
Recall: 1.0000, 1.0000, 1.0000, 1.0000, 1.0000, 1.0000, 1.0000, 1.0000, 1.0000, 1.0000, 1.0000, 1.0000, 1.0000, 1.0000, 1.0000, 1.0000, 1.0000, 1.0000, 1.0000, 1.0000, 1.0000, 1.0000, 1.0000, 1.0000, 1.0000, 1.0000, 1.0000, 1.0000, 1.0000, 1.0000, 1.0000, 1.0000, 1.0000, 1.0000, 1.0000, 1.0000, 1.0000, 1.0000, 1.0000, 1.0000, 1.0000, 1.0000, 1.0000, 1.0000, 1.0000, 1.0000, 1.0000, 1.0000, 1.0000, 1.0000, 1.0000, 1.0000, 1.0000, 1.0000, 1.0000, 1.0000, 1.0000, 1.0000, 1.0000, 1.0000, 1.0000, 1.0000, 1.0000, 1.0000, 1.0000, 1.0000, 1.0000, 1.0000, 1.0000, 1.0000, 1.0000, 1.0000, 1.0000, 1.0000, 1.0000, 1.0000, 1.0000, 1.0000, 1.0000, 1.0000, 1.0000, 1.0000, 1.0000, 1.0000, 1.0000, 1.0000, 1.0000, 1.0000, 1.0000, 1.0000, 1.0000, 1.0000, 1.0000, 1.0000, 1.0000, 1.0000, 1.0000, 1.0000, 1.0000, 1.0000, 1.0000, 1.0000, 1.0000, 1.0000, 1.0000, 1.0000, 1.0000, 1.0000, 1.0000, 1.0000, 1.0000, 1.0000, 1.0000, 1.0000, 1.0000, 1.0000, 1.0000, 1.0000, 1.0000, 1.0000, 1.0000, 1.0000, 1.0000, 1.0000, 1.0000, 1.0000, 1.0000, 1.0000, 1.0000, 1.0000, 1.0000, 1.0000, 1.0000, 1.0000, 1.0000, 1.0000, 1.0000, 1.0000, 1.0000, 1.0000, 1.0000, 1.0000, 1.0000, 1.0000, 1.0000, 1.0000, 1.0000, 1.0000, 0.9932, 0.9932, 0.9932, 0.9932, 0.9932, 0.9932, 0.9932, 0.9932, 0.9932, 0.9863, 0.9863, 0.9795, 0.9795, 0.9795, 0.9726, 0.9658, 0.9589, 0.9521, 0.9452, 0.9384, 0.9315, 0.9247, 0.9178, 0.9110, 0.8973, 0.8904, 0.8836, 0.8767, 0.8699, 0.8630, 0.8562, 0.8493, 0.8425, 0.8356, 0.8288, 0.8219, 0.8151, 0.8082, 0.8014, 0.7945, 0.7877, 0.7808, 0.7740, 0.7671, 0.7603, 0.7466, 0.7397, 0.7329, 0.7260, 0.7192, 0.7123, 0.7055, 0.6986, 0.6918, 0.6849, 0.6781, 0.6712, 0.6644, 0.6575, 0.6507, 0.6438, 0.6370, 0.6301, 0.6233, 0.6164, 0.6096, 0.6027, 0.5959, 0.5890, 0.5822, 0.5753, 0.5685, 0.5616, 0.5548, 0.5479, 0.5411, 0.5342, 0.5274, 0.5205, 0.5137, 0.5068, 0.5000, 0.4932, 0.4863, 0.4795, 0.4726, 0.4658, 0.4589, 0.4521, 0.4452, 0.4384, 0.4315, 0.4247, 0.4178, 0.4110, 0.4041, 0.3973, 0.3904, 0.3836, 0.3767, 0.3699, 0.3630, 0.3562, 0.3493, 0.3425, 0.3356, 0.3288, 0.3219, 0.3151, 0.3082, 0.3014, 0.2945, 0.2877, 0.2808, 0.2740, 0.2671, 0.2603, 0.2466, 0.2397, 0.2329, 0.2260, 0.2192, 0.2123, 0.2055, 0.1986, 0.1918, 0.1849, 0.1781, 0.1712, 0.1644, 0.1575, 0.1507, 0.1438, 0.1370, 0.1301, 0.1233, 0.1164, 0.1096, 0.1027, 0.0959, 0.0890, 0.0822, 0.0753, 0.0685, 0.0616, 0.0548, 0.0479, 0.0411, 0.0342, 0.0274, 0.0205, 0.0137, 0.0068, 0.0000


1K.csv:
-------
European:
Precision: 0.2551, 0.2574, 0.2582, 0.2589, 0.2597, 0.2605, 0.2613, 0.2620, 0.2628, 0.2636, 0.2644, 0.2669, 0.2677, 0.2685, 0.2693, 0.2702, 0.2710, 0.2719, 0.2727, 0.2736, 0.2762, 0.2771, 0.2780, 0.2788, 0.2797, 0.2806, 0.2816, 0.2825, 0.2834, 0.2843, 0.2852, 0.2862, 0.2881, 0.2890, 0.2900, 0.2919, 0.2929, 0.2939, 0.2949, 0.2959, 0.2969, 0.2979, 0.2990, 0.3000, 0.3010, 0.3021, 0.3031, 0.3042, 0.3053, 0.3063, 0.3074, 0.3085, 0.3096, 0.3118, 0.3129, 0.3141, 0.3152, 0.3164, 0.3175, 0.3187, 0.3199, 0.3210, 0.3222, 0.3234, 0.3246, 0.3258, 0.3271, 0.3283, 0.3295, 0.3308, 0.3321, 0.3333, 0.3346, 0.3359, 0.3372, 0.3385, 0.3398, 0.3412, 0.3425, 0.3439, 0.3452, 0.3466, 0.3480, 0.3494, 0.3508, 0.3522, 0.3537, 0.3551, 0.3566, 0.3580, 0.3595, 0.3610, 0.3625, 0.3640, 0.3655, 0.3671, 0.3686, 0.3702, 0.3718, 0.3734, 0.3750, 0.3766, 0.3783, 0.3799, 0.3816, 0.3833, 0.3850, 0.3867, 0.3884, 0.3919, 0.3937, 0.3955, 0.3973, 0.3991, 0.4009, 0.4028, 0.4047, 0.4065, 0.4085, 0.4104, 0.4123, 0.4143, 0.4163, 0.4183, 0.4203, 0.4223, 0.4244, 0.4265, 0.4286, 0.4307, 0.4328, 0.4350, 0.4394, 0.4416, 0.4439, 0.4462, 0.4485, 0.4508, 0.4531, 0.4555, 0.4603, 0.4628, 0.4652, 0.4677, 0.4703, 0.4728, 0.4754, 0.4780, 0.4807, 0.4833, 0.4860, 0.4888, 0.4915, 0.4943, 0.4971, 0.5000, 0.5029, 0.5058, 0.5088, 0.5118, 0.5148, 0.5179, 0.5210, 0.5241, 0.5273, 0.5305, 0.5337, 0.5370, 0.5404, 0.5437, 0.5472, 0.5506, 0.5541, 0.5577, 0.5613, 0.5649, 0.5686, 0.5724, 0.5762, 0.5800, 0.5839, 0.5878, 0.5918, 0.5959, 0.6042, 0.6084, 0.6127, 0.6170, 0.6214, 0.6187, 0.6103, 0.6148, 0.6194, 0.6241, 0.6288, 0.6336, 0.6385, 0.6434, 0.6484, 0.6535, 0.6587, 0.6640, 0.6694, 0.6748, 0.6803, 0.6860, 0.6833, 0.6891, 0.6949, 0.7009, 0.7069, 0.7130, 0.7193, 0.7257, 0.7321, 0.7387, 0.7455, 0.7523, 0.7593, 0.7664, 0.7736, 0.7810, 0.7885, 0.7961, 0.8039, 0.8119, 0.8200, 0.8283, 0.8265, 0.8247, 0.8333, 0.8421, 0.8511, 0.8602, 0.8587, 0.8681, 0.8667, 0.8764, 0.8864, 0.8966, 0.8953, 0.9059, 0.9167, 0.9157, 0.9146, 0.9259, 0.9375, 0.9494, 0.9487, 0.9610, 0.9605, 0.9600, 0.9595, 0.9589, 0.9583, 0.9577, 0.9571, 0.9565, 0.9559, 0.9701, 0.9697, 0.9692, 0.9688, 0.9683, 0.9677, 0.9672, 0.9667, 0.9661, 0.9655, 0.9649, 0.9643, 0.9636, 0.9630, 0.9623, 0.9615, 0.9608, 0.9600, 0.9592, 0.9583, 0.9574, 0.9565, 0.9556, 0.9545, 0.9535, 0.9524, 0.9756, 0.9750, 0.9744, 0.9737, 0.9730, 0.9722, 0.9714, 0.9706, 0.9697, 0.9688, 0.9677, 0.9667, 0.9655, 0.9643, 0.9630, 0.9615, 0.9600, 0.9583, 0.9565, 0.9545, 0.9524, 0.9500, 0.9474, 0.9444, 0.9412, 1.0000, 1.0000, 1.0000, 1.0000, 1.0000, 1.0000
Recall: 1.0000, 1.0000, 1.0000, 1.0000, 1.0000, 1.0000, 1.0000, 1.0000, 1.0000, 1.0000, 1.0000, 1.0000, 1.0000, 1.0000, 1.0000, 1.0000, 1.0000, 1.0000, 1.0000, 1.0000, 1.0000, 1.0000, 1.0000, 1.0000, 1.0000, 1.0000, 1.0000, 1.0000, 1.0000, 1.0000, 1.0000, 1.0000, 1.0000, 1.0000, 1.0000, 1.0000, 1.0000, 1.0000, 1.0000, 1.0000, 1.0000, 1.0000, 1.0000, 1.0000, 1.0000, 1.0000, 1.0000, 1.0000, 1.0000, 1.0000, 1.0000, 1.0000, 1.0000, 1.0000, 1.0000, 1.0000, 1.0000, 1.0000, 1.0000, 1.0000, 1.0000, 1.0000, 1.0000, 1.0000, 1.0000, 1.0000, 1.0000, 1.0000, 1.0000, 1.0000, 1.0000, 1.0000, 1.0000, 1.0000, 1.0000, 1.0000, 1.0000, 1.0000, 1.0000, 1.0000, 1.0000, 1.0000, 1.0000, 1.0000, 1.0000, 1.0000, 1.0000, 1.0000, 1.0000, 1.0000, 1.0000, 1.0000, 1.0000, 1.0000, 1.0000, 1.0000, 1.0000, 1.0000, 1.0000, 1.0000, 1.0000, 1.0000, 1.0000, 1.0000, 1.0000, 1.0000, 1.0000, 1.0000, 1.0000, 1.0000, 1.0000, 1.0000, 1.0000, 1.0000, 1.0000, 1.0000, 1.0000, 1.0000, 1.0000, 1.0000, 1.0000, 1.0000, 1.0000, 1.0000, 1.0000, 1.0000, 1.0000, 1.0000, 1.0000, 1.0000, 1.0000, 1.0000, 1.0000, 1.0000, 1.0000, 1.0000, 1.0000, 1.0000, 1.0000, 1.0000, 1.0000, 1.0000, 1.0000, 1.0000, 1.0000, 1.0000, 1.0000, 1.0000, 1.0000, 1.0000, 1.0000, 1.0000, 1.0000, 1.0000, 1.0000, 1.0000, 1.0000, 1.0000, 1.0000, 1.0000, 1.0000, 1.0000, 1.0000, 1.0000, 1.0000, 1.0000, 1.0000, 1.0000, 1.0000, 1.0000, 1.0000, 1.0000, 1.0000, 1.0000, 1.0000, 1.0000, 1.0000, 1.0000, 1.0000, 1.0000, 1.0000, 1.0000, 1.0000, 1.0000, 1.0000, 1.0000, 1.0000, 1.0000, 1.0000, 0.9885, 0.9540, 0.9540, 0.9540, 0.9540, 0.9540, 0.9540, 0.9540, 0.9540, 0.9540, 0.9540, 0.9540, 0.9540, 0.9540, 0.9540, 0.9540, 0.9540, 0.9425, 0.9425, 0.9425, 0.9425, 0.9425, 0.9425, 0.9425, 0.9425, 0.9425, 0.9425, 0.9425, 0.9425, 0.9425, 0.9425, 0.9425, 0.9425, 0.9425, 0.9425, 0.9425, 0.9425, 0.9425, 0.9425, 0.9310, 0.9195, 0.9195, 0.9195, 0.9195, 0.9195, 0.9080, 0.9080, 0.8966, 0.8966, 0.8966, 0.8966, 0.8851, 0.8851, 0.8851, 0.8736, 0.8621, 0.8621, 0.8621, 0.8621, 0.8506, 0.8506, 0.8391, 0.8276, 0.8161, 0.8046, 0.7931, 0.7816, 0.7701, 0.7586, 0.7471, 0.7471, 0.7356, 0.7241, 0.7126, 0.7011, 0.6897, 0.6782, 0.6667, 0.6552, 0.6437, 0.6322, 0.6207, 0.6092, 0.5977, 0.5862, 0.5747, 0.5632, 0.5517, 0.5402, 0.5287, 0.5172, 0.5057, 0.4943, 0.4828, 0.4713, 0.4598, 0.4598, 0.4483, 0.4368, 0.4253, 0.4138, 0.4023, 0.3908, 0.3793, 0.3678, 0.3563, 0.3448, 0.3333, 0.3218, 0.3103, 0.2989, 0.2874, 0.2759, 0.2644, 0.2529, 0.2414, 0.2299, 0.2184, 0.2069, 0.1954, 0.1839, 0.1839, 0.1724, 0.1609, 0.1494, 0.1379, 0.0000

African:
Precision: 0.3167, 0.3205, 0.3214, 0.3224, 0.3234, 0.3253, 0.3263, 0.3273, 0.3283, 0.3293, 0.3303, 0.3313, 0.3323, 0.3333, 0.3344, 0.3354, 0.3364, 0.3375, 0.3386, 0.3396, 0.3407, 0.3418, 0.3429, 0.3439, 0.3450, 0.3462, 0.3473, 0.3484, 0.3495, 0.3506, 0.3518, 0.3529, 0.3541, 0.3553, 0.3564, 0.3576, 0.3588, 0.3600, 0.3612, 0.3624, 0.3636, 0.3649, 0.3661, 0.3673, 0.3686, 0.3699, 0.3711, 0.3724, 0.3737, 0.3750, 0.3763, 0.3776, 0.3789, 0.3803, 0.3816, 0.3830, 0.3843, 0.3857, 0.3871, 0.3885, 0.3899, 0.3913, 0.3927, 0.3942, 0.3956, 0.3971, 0.3985, 0.3963, 0.3978, 0.3993, 0.4007, 0.4023, 0.4038, 0.4053, 0.4068, 0.4084, 0.4100, 0.4115, 0.4131, 0.4147, 0.4163, 0.4180, 0.4196, 0.4213, 0.4229, 0.4246, 0.4263, 0.4280, 0.4297, 0.4315, 0.4332, 0.4350, 0.4385, 0.4403, 0.4421, 0.4440, 0.4458, 0.4477, 0.4496, 0.4515, 0.4534, 0.4553, 0.4573, 0.4592, 0.4612, 0.4632, 0.4652, 0.4672, 0.4693, 0.4714, 0.4735, 0.4756, 0.4777, 0.4798, 0.4820, 0.4842, 0.4864, 0.4886, 0.4908, 0.4954, 0.4977, 0.5000, 0.5023, 0.5047, 0.5071, 0.5095, 0.5120, 0.5144, 0.5169, 0.5194, 0.5220, 0.5245, 0.5271, 0.5297, 0.5323, 0.5350, 0.5377, 0.5404, 0.5431, 0.5459, 0.5487, 0.5515, 0.5544, 0.5573, 0.5602, 0.5632, 0.5661, 0.5691, 0.5722, 0.5753, 0.5784, 0.5815, 0.5847, 0.5879, 0.5912, 0.5944, 0.5978, 0.6011, 0.6045, 0.6080, 0.6114, 0.6149, 0.6185, 0.6221, 0.6257, 0.6294, 0.6331, 0.6369, 0.6407, 0.6446, 0.6524, 0.6564, 0.6605, 0.6646, 0.6687, 0.6730, 0.6772, 0.6815, 0.6859, 0.6903, 0.6948, 0.6993, 0.7039, 0.7086, 0.7133, 0.7181, 0.7230, 0.7279, 0.7379, 0.7431, 0.7483, 0.7535, 0.7589, 0.7643, 0.7698, 0.7754, 0.7810, 0.7868, 0.7926, 0.7985, 0.8045, 0.8106, 0.8168, 0.8231, 0.8295, 0.8359, 0.8425, 0.8492, 0.8699, 0.8770, 0.8843, 0.8917, 0.8992, 0.9068, 0.9145, 0.9224, 0.9304, 0.9386, 0.9469, 0.9554, 0.9640, 0.9727, 0.9817, 0.9815, 0.9907, 1.0000, 1.0000, 1.0000, 1.0000, 1.0000, 1.0000, 1.0000, 1.0000, 1.0000, 1.0000, 1.0000, 1.0000, 1.0000, 1.0000, 1.0000, 1.0000, 1.0000, 1.0000, 1.0000, 1.0000, 1.0000, 1.0000, 1.0000, 1.0000, 1.0000, 1.0000, 1.0000, 1.0000, 1.0000, 1.0000, 1.0000, 1.0000, 1.0000, 1.0000, 1.0000, 1.0000, 1.0000, 1.0000, 1.0000, 1.0000, 1.0000, 1.0000, 1.0000, 1.0000, 1.0000, 1.0000, 1.0000, 1.0000, 1.0000, 1.0000, 1.0000, 1.0000, 1.0000, 1.0000, 1.0000, 1.0000, 1.0000, 1.0000, 1.0000, 1.0000, 1.0000, 1.0000, 1.0000, 1.0000, 1.0000, 1.0000, 1.0000, 1.0000, 1.0000, 1.0000, 1.0000, 1.0000, 1.0000, 1.0000, 1.0000, 1.0000, 1.0000, 1.0000, 1.0000, 1.0000, 1.0000, 1.0000, 1.0000, 1.0000, 1.0000, 1.0000, 1.0000, 1.0000, 1.0000, 1.0000, 1.0000, 1.0000, 1.0000, 1.0000, 1.0000, 1.0000, 1.0000, 1.0000
Recall: 1.0000, 1.0000, 1.0000, 1.0000, 1.0000, 1.0000, 1.0000, 1.0000, 1.0000, 1.0000, 1.0000, 1.0000, 1.0000, 1.0000, 1.0000, 1.0000, 1.0000, 1.0000, 1.0000, 1.0000, 1.0000, 1.0000, 1.0000, 1.0000, 1.0000, 1.0000, 1.0000, 1.0000, 1.0000, 1.0000, 1.0000, 1.0000, 1.0000, 1.0000, 1.0000, 1.0000, 1.0000, 1.0000, 1.0000, 1.0000, 1.0000, 1.0000, 1.0000, 1.0000, 1.0000, 1.0000, 1.0000, 1.0000, 1.0000, 1.0000, 1.0000, 1.0000, 1.0000, 1.0000, 1.0000, 1.0000, 1.0000, 1.0000, 1.0000, 1.0000, 1.0000, 1.0000, 1.0000, 1.0000, 1.0000, 1.0000, 1.0000, 0.9907, 0.9907, 0.9907, 0.9907, 0.9907, 0.9907, 0.9907, 0.9907, 0.9907, 0.9907, 0.9907, 0.9907, 0.9907, 0.9907, 0.9907, 0.9907, 0.9907, 0.9907, 0.9907, 0.9907, 0.9907, 0.9907, 0.9907, 0.9907, 0.9907, 0.9907, 0.9907, 0.9907, 0.9907, 0.9907, 0.9907, 0.9907, 0.9907, 0.9907, 0.9907, 0.9907, 0.9907, 0.9907, 0.9907, 0.9907, 0.9907, 0.9907, 0.9907, 0.9907, 0.9907, 0.9907, 0.9907, 0.9907, 0.9907, 0.9907, 0.9907, 0.9907, 0.9907, 0.9907, 0.9907, 0.9907, 0.9907, 0.9907, 0.9907, 0.9907, 0.9907, 0.9907, 0.9907, 0.9907, 0.9907, 0.9907, 0.9907, 0.9907, 0.9907, 0.9907, 0.9907, 0.9907, 0.9907, 0.9907, 0.9907, 0.9907, 0.9907, 0.9907, 0.9907, 0.9907, 0.9907, 0.9907, 0.9907, 0.9907, 0.9907, 0.9907, 0.9907, 0.9907, 0.9907, 0.9907, 0.9907, 0.9907, 0.9907, 0.9907, 0.9907, 0.9907, 0.9907, 0.9907, 0.9907, 0.9907, 0.9907, 0.9907, 0.9907, 0.9907, 0.9907, 0.9907, 0.9907, 0.9907, 0.9907, 0.9907, 0.9907, 0.9907, 0.9907, 0.9907, 0.9907, 0.9907, 0.9907, 0.9907, 0.9907, 0.9907, 0.9907, 0.9907, 0.9907, 0.9907, 0.9907, 0.9907, 0.9907, 0.9907, 0.9907, 0.9907, 0.9907, 0.9907, 0.9907, 0.9907, 0.9907, 0.9907, 0.9907, 0.9907, 0.9907, 0.9907, 0.9907, 0.9907, 0.9907, 0.9907, 0.9907, 0.9907, 0.9907, 0.9907, 0.9907, 0.9907, 0.9907, 0.9907, 0.9907, 0.9907, 0.9907, 0.9907, 0.9815, 0.9815, 0.9815, 0.9722, 0.9630, 0.9537, 0.9444, 0.9352, 0.9259, 0.9167, 0.9074, 0.8981, 0.8889, 0.8796, 0.8704, 0.8611, 0.8519, 0.8426, 0.8333, 0.8241, 0.8148, 0.8056, 0.7963, 0.7870, 0.7778, 0.7685, 0.7593, 0.7500, 0.7407, 0.7315, 0.7222, 0.7130, 0.7037, 0.6944, 0.6852, 0.6759, 0.6667, 0.6574, 0.6481, 0.6389, 0.6296, 0.6204, 0.6111, 0.6019, 0.5926, 0.5833, 0.5741, 0.5556, 0.5463, 0.5370, 0.5278, 0.5185, 0.5093, 0.5000, 0.4907, 0.4815, 0.4722, 0.4630, 0.4537, 0.4444, 0.4352, 0.4259, 0.4167, 0.4074, 0.3981, 0.3796, 0.3704, 0.3611, 0.3426, 0.3333, 0.3241, 0.3148, 0.3056, 0.2963, 0.2870, 0.2778, 0.2685, 0.2593, 0.2500, 0.2407, 0.2130, 0.2037, 0.1944, 0.1852, 0.1759, 0.1667, 0.1574, 0.1481, 0.1389, 0.1111, 0.1019, 0.0926, 0.0833, 0.0741, 0.0648, 0.0556, 0.0463, 0.0370, 0.0278, 0.0000

Asian:
Precision: 0.4282, 0.4332, 0.4345, 0.4358, 0.4371, 0.4384, 0.4398, 0.4424, 0.4438, 0.4451, 0.4465, 0.4479, 0.4492, 0.4475, 0.4489, 0.4503, 0.4517, 0.4531, 0.4545, 0.4560, 0.4574, 0.4589, 0.4603, 0.4618, 0.4633, 0.4647, 0.4662, 0.4677, 0.4693, 0.4708, 0.4723, 0.4739, 0.4754, 0.4770, 0.4785, 0.4801, 0.4817, 0.4833, 0.4816, 0.4832, 0.4848, 0.4865, 0.4881, 0.4898, 0.4915, 0.4932, 0.4948, 0.4966, 0.4983, 0.5000, 0.5017, 0.5035, 0.5053, 0.5070, 0.5088, 0.5106, 0.5125, 0.5143, 0.5161, 0.5180, 0.5199, 0.5217, 0.5236, 0.5255, 0.5275, 0.5294, 0.5314, 0.5333, 0.5353, 0.5373, 0.5434, 0.5455, 0.5475, 0.5496, 0.5517, 0.5538, 0.5560, 0.5581, 0.5603, 0.5625, 0.5647, 0.5669, 0.5737, 0.5760, 0.5783, 0.5806, 0.5830, 0.5854, 0.5878, 0.5902, 0.5926, 0.5975, 0.6000, 0.6025, 0.6050, 0.6076, 0.6102, 0.6128, 0.6154, 0.6180, 0.6207, 0.6234, 0.6261, 0.6288, 0.6344, 0.6372, 0.6400, 0.6457, 0.6486, 0.6516, 0.6545, 0.6575, 0.6606, 0.6636, 0.6667, 0.6698, 0.6729, 0.6761, 0.6792, 0.6825, 0.6857, 0.6890, 0.6923, 0.6957, 0.6990, 0.7059, 0.7094, 0.7129, 0.7164, 0.7200, 0.7236, 0.7273, 0.7310, 0.7347, 0.7385, 0.7423, 0.7461, 0.7500, 0.7539, 0.7579, 0.7619, 0.7660, 0.7701, 0.7742, 0.7784, 0.7826, 0.7869, 0.7912, 0.7956, 0.8000, 0.8045, 0.8090, 0.8136, 0.8182, 0.8229, 0.8276, 0.8324, 0.8372, 0.8421, 0.8471, 0.8521, 0.8571, 0.8623, 0.8675, 0.8727, 0.8780, 0.8834, 0.8889, 0.8944, 0.9000, 0.8994, 0.9051, 0.9045, 0.9103, 0.9097, 0.9156, 0.9150, 0.9145, 0.9139, 0.9200, 0.9262, 0.9257, 0.9252, 0.9247, 0.9241, 0.9236, 0.9231, 0.9225, 0.9220, 0.9214, 0.9209, 0.9275, 0.9270, 0.9265, 0.9333, 0.9545, 0.9618, 0.9615, 0.9612, 0.9609, 0.9606, 0.9603, 0.9600, 0.9597, 0.9593, 0.9590, 0.9587, 0.9667, 0.9664, 0.9661, 0.9658, 0.9655, 0.9652, 0.9649, 0.9646, 0.9643, 0.9640, 0.9636, 0.9630, 0.9720, 0.9717, 0.9714, 0.9712, 0.9709, 0.9706, 0.9703, 0.9700, 0.9697, 0.9694, 0.9691, 0.9688, 0.9684, 0.9681, 0.9677, 0.9674, 0.9667, 0.9663, 0.9659, 0.9655, 0.9651, 0.9647, 0.9643, 0.9639, 0.9634, 0.9630, 0.9625, 0.9620, 0.9615, 0.9610, 0.9605, 0.9600, 0.9595, 0.9589, 0.9583, 0.9577, 0.9571, 0.9565, 0.9559, 0.9552, 0.9545, 0.9538, 0.9531, 0.9524, 0.9516, 0.9508, 0.9500, 0.9492, 0.9483, 0.9474, 0.9464, 0.9455, 0.9444, 0.9434, 0.9423, 0.9412, 0.9400, 0.9388, 0.9583, 0.9574, 0.9565, 0.9556, 0.9545, 0.9535, 0.9524, 0.9512, 0.9500, 0.9487, 0.9459, 0.9444, 0.9429, 0.9412, 0.9394, 0.9375, 0.9355, 0.9333, 0.9310, 0.9286, 0.9259, 0.9231, 0.9200, 0.9167, 0.9130, 0.9545, 0.9524, 0.9500, 0.9474, 1.0000, 1.0000, 1.0000, 1.0000, 1.0000, 1.0000, 1.0000, 1.0000, 1.0000, 1.0000, 1.0000, 1.0000, 1.0000, 1.0000, 1.0000, 1.0000, 1.0000, 1.0000
Recall: 1.0000, 1.0000, 1.0000, 1.0000, 1.0000, 1.0000, 1.0000, 1.0000, 1.0000, 1.0000, 1.0000, 1.0000, 1.0000, 0.9932, 0.9932, 0.9932, 0.9932, 0.9932, 0.9932, 0.9932, 0.9932, 0.9932, 0.9932, 0.9932, 0.9932, 0.9932, 0.9932, 0.9932, 0.9932, 0.9932, 0.9932, 0.9932, 0.9932, 0.9932, 0.9932, 0.9932, 0.9932, 0.9932, 0.9863, 0.9863, 0.9863, 0.9863, 0.9863, 0.9863, 0.9863, 0.9863, 0.9863, 0.9863, 0.9863, 0.9863, 0.9863, 0.9863, 0.9863, 0.9863, 0.9863, 0.9863, 0.9863, 0.9863, 0.9863, 0.9863, 0.9863, 0.9863, 0.9863, 0.9863, 0.9863, 0.9863, 0.9863, 0.9863, 0.9863, 0.9863, 0.9863, 0.9863, 0.9863, 0.9863, 0.9863, 0.9863, 0.9863, 0.9863, 0.9863, 0.9863, 0.9863, 0.9863, 0.9863, 0.9863, 0.9863, 0.9863, 0.9863, 0.9863, 0.9863, 0.9863, 0.9863, 0.9863, 0.9863, 0.9863, 0.9863, 0.9863, 0.9863, 0.9863, 0.9863, 0.9863, 0.9863, 0.9863, 0.9863, 0.9863, 0.9863, 0.9863, 0.9863, 0.9863, 0.9863, 0.9863, 0.9863, 0.9863, 0.9863, 0.9863, 0.9863, 0.9863, 0.9863, 0.9863, 0.9863, 0.9863, 0.9863, 0.9863, 0.9863, 0.9863, 0.9863, 0.9863, 0.9863, 0.9863, 0.9863, 0.9863, 0.9863, 0.9863, 0.9863, 0.9863, 0.9863, 0.9863, 0.9863, 0.9863, 0.9863, 0.9863, 0.9863, 0.9863, 0.9863, 0.9863, 0.9863, 0.9863, 0.9863, 0.9863, 0.9863, 0.9863, 0.9863, 0.9863, 0.9863, 0.9863, 0.9863, 0.9863, 0.9863, 0.9863, 0.9863, 0.9863, 0.9863, 0.9863, 0.9863, 0.9863, 0.9863, 0.9863, 0.9863, 0.9863, 0.9863, 0.9863, 0.9795, 0.9795, 0.9726, 0.9726, 0.9658, 0.9658, 0.9589, 0.9521, 0.9452, 0.9452, 0.9452, 0.9384, 0.9315, 0.9247, 0.9178, 0.9110, 0.9041, 0.8973, 0.8904, 0.8836, 0.8767, 0.8767, 0.8699, 0.8630, 0.8630, 0.8630, 0.8630, 0.8562, 0.8493, 0.8425, 0.8356, 0.8288, 0.8219, 0.8151, 0.8082, 0.8014, 0.7945, 0.7945, 0.7877, 0.7808, 0.7740, 0.7671, 0.7603, 0.7534, 0.7466, 0.7397, 0.7329, 0.7260, 0.7123, 0.7123, 0.7055, 0.6986, 0.6918, 0.6849, 0.6781, 0.6712, 0.6644, 0.6575, 0.6507, 0.6438, 0.6370, 0.6301, 0.6233, 0.6164, 0.6096, 0.5959, 0.5890, 0.5822, 0.5753, 0.5685, 0.5616, 0.5548, 0.5479, 0.5411, 0.5342, 0.5274, 0.5205, 0.5137, 0.5068, 0.5000, 0.4932, 0.4863, 0.4795, 0.4726, 0.4658, 0.4589, 0.4521, 0.4452, 0.4384, 0.4315, 0.4247, 0.4178, 0.4110, 0.4041, 0.3973, 0.3904, 0.3836, 0.3767, 0.3699, 0.3630, 0.3562, 0.3493, 0.3425, 0.3356, 0.3288, 0.3219, 0.3151, 0.3151, 0.3082, 0.3014, 0.2945, 0.2877, 0.2808, 0.2740, 0.2671, 0.2603, 0.2534, 0.2397, 0.2329, 0.2260, 0.2192, 0.2123, 0.2055, 0.1986, 0.1918, 0.1849, 0.1781, 0.1712, 0.1644, 0.1575, 0.1507, 0.1438, 0.1438, 0.1370, 0.1301, 0.1233, 0.1233, 0.1164, 0.1096, 0.1027, 0.0959, 0.0890, 0.0822, 0.0753, 0.0616, 0.0548, 0.0479, 0.0411, 0.0342, 0.0274, 0.0205, 0.0137, 0.0068, 0.0000


300K.csv:
---------
European:
Precision: 0.2551, 0.2582, 0.2589, 0.2628, 0.2652, 0.2661, 0.2685, 0.2693, 0.2702, 0.2780, 0.2797, 0.2806, 0.2825, 0.2910, 0.2939, 0.2969, 0.2990, 0.3010, 0.3021, 0.3031, 0.3053, 0.3085, 0.3258, 0.3271, 0.3283, 0.3359, 0.3385, 0.3412, 0.3439, 0.3480, 0.3580, 0.3595, 0.3625, 0.3640, 0.3655, 0.3686, 0.3702, 0.3718, 0.3750, 0.3766, 0.3783, 0.3799, 0.3850, 0.3867, 0.3884, 0.3973, 0.3991, 0.4009, 0.4028, 0.4047, 0.4065, 0.4085, 0.4104, 0.4123, 0.4143, 0.4163, 0.4183, 0.4203, 0.4223, 0.4244, 0.4265, 0.4307, 0.4328, 0.4372, 0.4394, 0.4416, 0.4462, 0.4485, 0.4531, 0.4555, 0.4579, 0.4628, 0.4652, 0.4677, 0.4703, 0.4728, 0.4754, 0.4780, 0.4807, 0.4833, 0.4860, 0.4888, 0.4915, 0.4943, 0.4971, 0.5029, 0.5058, 0.5088, 0.5118, 0.5148, 0.5179, 0.5273, 0.5305, 0.5337, 0.5404, 0.5437, 0.5472, 0.5577, 0.5613, 0.5649, 0.5724, 0.5762, 0.5800, 0.5839, 0.5878, 0.5918, 0.5959, 0.6000, 0.6042, 0.6084, 0.6127, 0.6214, 0.6259, 0.6304, 0.6350, 0.6397, 0.6444, 0.6493, 0.6541, 0.6641, 0.6692, 0.6744, 0.6797, 0.6960, 0.7016, 0.7073, 0.7131, 0.7190, 0.7250, 0.7311, 0.7373, 0.7436, 0.7500, 0.7565, 0.7632, 0.7611, 0.7545, 0.7615, 0.7685, 0.7757, 0.7830, 0.7905, 0.7981, 0.8058, 0.8137, 0.8218, 0.8300, 0.8384, 0.8469, 0.8557, 0.8646, 0.8830, 0.8925, 0.9022, 0.9121, 0.9222, 0.9326, 0.9432, 0.9540, 0.9651, 0.9765, 0.9881, 1.0000, 1.0000, 1.0000, 1.0000, 1.0000, 1.0000, 1.0000, 1.0000, 1.0000, 1.0000, 1.0000, 1.0000, 1.0000, 1.0000, 1.0000, 1.0000, 1.0000, 1.0000, 1.0000, 1.0000, 1.0000, 1.0000, 1.0000, 1.0000, 1.0000, 1.0000, 1.0000, 1.0000, 1.0000, 1.0000, 1.0000, 1.0000, 1.0000, 1.0000, 1.0000, 1.0000, 1.0000, 1.0000, 1.0000, 1.0000, 1.0000, 1.0000, 1.0000, 1.0000, 1.0000, 1.0000, 1.0000, 1.0000, 1.0000, 1.0000, 1.0000, 1.0000, 1.0000, 1.0000, 1.0000, 1.0000, 1.0000, 1.0000, 1.0000, 1.0000, 1.0000, 1.0000, 1.0000, 1.0000, 1.0000, 1.0000, 1.0000, 1.0000, 1.0000, 1.0000, 1.0000, 1.0000, 1.0000, 1.0000
Recall: 1.0000, 1.0000, 1.0000, 1.0000, 1.0000, 1.0000, 1.0000, 1.0000, 1.0000, 1.0000, 1.0000, 1.0000, 1.0000, 1.0000, 1.0000, 1.0000, 1.0000, 1.0000, 1.0000, 1.0000, 1.0000, 1.0000, 1.0000, 1.0000, 1.0000, 1.0000, 1.0000, 1.0000, 1.0000, 1.0000, 1.0000, 1.0000, 1.0000, 1.0000, 1.0000, 1.0000, 1.0000, 1.0000, 1.0000, 1.0000, 1.0000, 1.0000, 1.0000, 1.0000, 1.0000, 1.0000, 1.0000, 1.0000, 1.0000, 1.0000, 1.0000, 1.0000, 1.0000, 1.0000, 1.0000, 1.0000, 1.0000, 1.0000, 1.0000, 1.0000, 1.0000, 1.0000, 1.0000, 1.0000, 1.0000, 1.0000, 1.0000, 1.0000, 1.0000, 1.0000, 1.0000, 1.0000, 1.0000, 1.0000, 1.0000, 1.0000, 1.0000, 1.0000, 1.0000, 1.0000, 1.0000, 1.0000, 1.0000, 1.0000, 1.0000, 1.0000, 1.0000, 1.0000, 1.0000, 1.0000, 1.0000, 1.0000, 1.0000, 1.0000, 1.0000, 1.0000, 1.0000, 1.0000, 1.0000, 1.0000, 1.0000, 1.0000, 1.0000, 1.0000, 1.0000, 1.0000, 1.0000, 1.0000, 1.0000, 1.0000, 1.0000, 1.0000, 1.0000, 1.0000, 1.0000, 1.0000, 1.0000, 1.0000, 1.0000, 1.0000, 1.0000, 1.0000, 1.0000, 1.0000, 1.0000, 1.0000, 1.0000, 1.0000, 1.0000, 1.0000, 1.0000, 1.0000, 1.0000, 1.0000, 1.0000, 0.9885, 0.9540, 0.9540, 0.9540, 0.9540, 0.9540, 0.9540, 0.9540, 0.9540, 0.9540, 0.9540, 0.9540, 0.9540, 0.9540, 0.9540, 0.9540, 0.9540, 0.9540, 0.9540, 0.9540, 0.9540, 0.9540, 0.9540, 0.9540, 0.9540, 0.9540, 0.9540, 0.9540, 0.9425, 0.9310, 0.9195, 0.9080, 0.8966, 0.8851, 0.8621, 0.8506, 0.8391, 0.8276, 0.8161, 0.8046, 0.7931, 0.7816, 0.7701, 0.7586, 0.7471, 0.7356, 0.7241, 0.7126, 0.7011, 0.6897, 0.6782, 0.6667, 0.6552, 0.6437, 0.6322, 0.6207, 0.6092, 0.5977, 0.5862, 0.5747, 0.5632, 0.5517, 0.5402, 0.5287, 0.5172, 0.5057, 0.4943, 0.4713, 0.4598, 0.4483, 0.4368, 0.4253, 0.4138, 0.4023, 0.3908, 0.3793, 0.3678, 0.3448, 0.3333, 0.3218, 0.3103, 0.2989, 0.2874, 0.2759, 0.2644, 0.2529, 0.2414, 0.2299, 0.2184, 0.2069, 0.1954, 0.1839, 0.1724, 0.1609, 0.1494, 0.1379, 0.1264, 0.1149, 0.1034, 0.0920, 0.0000

African:
Precision: 0.3167, 0.3195, 0.3205, 0.3234, 0.3243, 0.3253, 0.3263, 0.3273, 0.3283, 0.3293, 0.3303, 0.3313, 0.3323, 0.3333, 0.3344, 0.3354, 0.3364, 0.3375, 0.3386, 0.3396, 0.3407, 0.3418, 0.3429, 0.3439, 0.3450, 0.3462, 0.3473, 0.3484, 0.3506, 0.3518, 0.3529, 0.3541, 0.3553, 0.3564, 0.3576, 0.3588, 0.3600, 0.3624, 0.3636, 0.3649, 0.3661, 0.3673, 0.3686, 0.3699, 0.3711, 0.3724, 0.3737, 0.3750, 0.3763, 0.3776, 0.3789, 0.3803, 0.3816, 0.3830, 0.3843, 0.3857, 0.3871, 0.3885, 0.3899, 0.3913, 0.3927, 0.3942, 0.3956, 0.3971, 0.3985, 0.4000, 0.4015, 0.4030, 0.4045, 0.4060, 0.4091, 0.4106, 0.4122, 0.4138, 0.4154, 0.4170, 0.4186, 0.4202, 0.4219, 0.4235, 0.4252, 0.4269, 0.4286, 0.4303, 0.4320, 0.4337, 0.4355, 0.4390, 0.4408, 0.4426, 0.4444, 0.4463, 0.4481, 0.4500, 0.4519, 0.4538, 0.4557, 0.4576, 0.4596, 0.4615, 0.4635, 0.4675, 0.4696, 0.4716, 0.4737, 0.4758, 0.4800, 0.4821, 0.4865, 0.4887, 0.4909, 0.4954, 0.4977, 0.5000, 0.5023, 0.5047, 0.5070, 0.5094, 0.5118, 0.5143, 0.5167, 0.5192, 0.5217, 0.5243, 0.5268, 0.5320, 0.5347, 0.5400, 0.5427, 0.5455, 0.5482, 0.5567, 0.5596, 0.5625, 0.5775, 0.5806, 0.5838, 0.5870, 0.5902, 0.5934, 0.5967, 0.6000, 0.6034, 0.6067, 0.6102, 0.6171, 0.6207, 0.6243, 0.6279, 0.6316, 0.6353, 0.6391, 0.6506, 0.6545, 0.6585, 0.6626, 0.6708, 0.6750, 0.6879, 0.6923, 0.6968, 0.7013, 0.7105, 0.7152, 0.7200, 0.7248, 0.7297, 0.7347, 0.7397, 0.7448, 0.7552, 0.7606, 0.7660, 0.7714, 0.7770, 0.7826, 0.7883, 0.7941, 0.8060, 0.8120, 0.8182, 0.8244, 0.8308, 0.8372, 0.8438, 0.8640, 0.8710, 0.8780, 0.8852, 0.8926, 0.9000, 0.9076, 0.9153, 0.9231, 0.9391, 0.9474, 0.9558, 0.9643, 0.9908, 1.0000, 1.0000, 1.0000, 1.0000, 1.0000, 1.0000, 1.0000, 1.0000, 1.0000, 1.0000, 1.0000, 1.0000, 1.0000, 1.0000, 1.0000, 1.0000, 1.0000, 1.0000, 1.0000, 1.0000, 1.0000, 1.0000, 1.0000, 1.0000, 1.0000, 1.0000, 1.0000, 1.0000, 1.0000, 1.0000, 1.0000, 1.0000, 1.0000, 1.0000, 1.0000, 1.0000, 1.0000, 1.0000, 1.0000, 1.0000
Recall: 1.0000, 1.0000, 1.0000, 1.0000, 1.0000, 1.0000, 1.0000, 1.0000, 1.0000, 1.0000, 1.0000, 1.0000, 1.0000, 1.0000, 1.0000, 1.0000, 1.0000, 1.0000, 1.0000, 1.0000, 1.0000, 1.0000, 1.0000, 1.0000, 1.0000, 1.0000, 1.0000, 1.0000, 1.0000, 1.0000, 1.0000, 1.0000, 1.0000, 1.0000, 1.0000, 1.0000, 1.0000, 1.0000, 1.0000, 1.0000, 1.0000, 1.0000, 1.0000, 1.0000, 1.0000, 1.0000, 1.0000, 1.0000, 1.0000, 1.0000, 1.0000, 1.0000, 1.0000, 1.0000, 1.0000, 1.0000, 1.0000, 1.0000, 1.0000, 1.0000, 1.0000, 1.0000, 1.0000, 1.0000, 1.0000, 1.0000, 1.0000, 1.0000, 1.0000, 1.0000, 1.0000, 1.0000, 1.0000, 1.0000, 1.0000, 1.0000, 1.0000, 1.0000, 1.0000, 1.0000, 1.0000, 1.0000, 1.0000, 1.0000, 1.0000, 1.0000, 1.0000, 1.0000, 1.0000, 1.0000, 1.0000, 1.0000, 1.0000, 1.0000, 1.0000, 1.0000, 1.0000, 1.0000, 1.0000, 1.0000, 1.0000, 1.0000, 1.0000, 1.0000, 1.0000, 1.0000, 1.0000, 1.0000, 1.0000, 1.0000, 1.0000, 1.0000, 1.0000, 1.0000, 1.0000, 1.0000, 1.0000, 1.0000, 1.0000, 1.0000, 1.0000, 1.0000, 1.0000, 1.0000, 1.0000, 1.0000, 1.0000, 1.0000, 1.0000, 1.0000, 1.0000, 1.0000, 1.0000, 1.0000, 1.0000, 1.0000, 1.0000, 1.0000, 1.0000, 1.0000, 1.0000, 1.0000, 1.0000, 1.0000, 1.0000, 1.0000, 1.0000, 1.0000, 1.0000, 1.0000, 1.0000, 1.0000, 1.0000, 1.0000, 1.0000, 1.0000, 1.0000, 1.0000, 1.0000, 1.0000, 1.0000, 1.0000, 1.0000, 1.0000, 1.0000, 1.0000, 1.0000, 1.0000, 1.0000, 1.0000, 1.0000, 1.0000, 1.0000, 1.0000, 1.0000, 1.0000, 1.0000, 1.0000, 1.0000, 1.0000, 1.0000, 1.0000, 1.0000, 1.0000, 1.0000, 1.0000, 1.0000, 1.0000, 1.0000, 1.0000, 1.0000, 1.0000, 1.0000, 1.0000, 1.0000, 1.0000, 1.0000, 1.0000, 1.0000, 1.0000, 0.9907, 0.9815, 0.9722, 0.9630, 0.9537, 0.9444, 0.9352, 0.9167, 0.9074, 0.8426, 0.8148, 0.7963, 0.7778, 0.7593, 0.7037, 0.6944, 0.6852, 0.5463, 0.5185, 0.5000, 0.4907, 0.4815, 0.4630, 0.4444, 0.4167, 0.3889, 0.3056, 0.2870, 0.2778, 0.2593, 0.1759, 0.1667, 0.1574, 0.1296, 0.1204, 0.0926, 0.0463, 0.0370, 0.0000

Asian:
Precision: 0.4282, 0.4320, 0.4332, 0.4371, 0.4384, 0.4398, 0.4411, 0.4424, 0.4438, 0.4451, 0.4465, 0.4479, 0.4492, 0.4506, 0.4520, 0.4534, 0.4548, 0.4562, 0.4577, 0.4591, 0.4606, 0.4620, 0.4635, 0.4650, 0.4665, 0.4679, 0.4695, 0.4725, 0.4740, 0.4756, 0.4771, 0.4787, 0.4803, 0.4818, 0.4834, 0.4850, 0.4867, 0.4899, 0.4916, 0.4932, 0.4949, 0.4966, 0.4983, 0.5000, 0.5017, 0.5034, 0.5052, 0.5069, 0.5087, 0.5105, 0.5123, 0.5141, 0.5159, 0.5177, 0.5196, 0.5214, 0.5233, 0.5252, 0.5271, 0.5290, 0.5309, 0.5328, 0.5348, 0.5368, 0.5387, 0.5407, 0.5428, 0.5448, 0.5468, 0.5489, 0.5530, 0.5551, 0.5573, 0.5594, 0.5615, 0.5637, 0.5725, 0.5748, 0.5771, 0.5817, 0.5887, 0.5959, 0.5984, 0.6058, 0.6083, 0.6109, 0.6348, 0.6404, 0.6432, 0.6489, 0.6759, 0.6854, 0.6952, 0.7019, 0.7087, 0.7122, 0.7157, 0.7228, 0.7337, 0.7935, 0.7978, 0.8022, 0.8295, 0.8391, 0.8488, 0.8588, 0.8743, 0.9125, 0.9182, 0.9299, 0.9359, 0.9419, 0.9481, 0.9542, 0.9605, 0.9669, 0.9733, 0.9732, 0.9730, 0.9796, 1.0000, 1.0000, 1.0000, 1.0000, 1.0000, 1.0000, 1.0000, 1.0000, 1.0000, 1.0000, 1.0000, 1.0000, 1.0000, 1.0000, 1.0000, 1.0000, 1.0000, 1.0000, 1.0000, 1.0000, 1.0000, 1.0000, 1.0000, 1.0000, 1.0000, 1.0000, 1.0000, 1.0000, 1.0000, 1.0000, 1.0000, 1.0000, 1.0000, 1.0000, 1.0000, 1.0000, 1.0000, 1.0000, 1.0000, 1.0000, 1.0000, 1.0000, 1.0000, 1.0000, 1.0000, 1.0000, 1.0000, 1.0000, 1.0000, 1.0000, 1.0000, 1.0000, 1.0000, 1.0000, 1.0000, 1.0000, 1.0000, 1.0000, 1.0000, 1.0000, 1.0000, 1.0000, 1.0000, 1.0000, 1.0000, 1.0000, 1.0000, 1.0000, 1.0000, 1.0000, 1.0000, 1.0000, 1.0000, 1.0000, 1.0000, 1.0000, 1.0000, 1.0000, 1.0000, 1.0000, 1.0000, 1.0000, 1.0000, 1.0000, 1.0000, 1.0000, 1.0000, 1.0000, 1.0000, 1.0000, 1.0000, 1.0000, 1.0000, 1.0000, 1.0000, 1.0000, 1.0000, 1.0000, 1.0000, 1.0000, 1.0000, 1.0000, 1.0000, 1.0000, 1.0000, 1.0000, 1.0000, 1.0000, 1.0000, 1.0000, 1.0000, 1.0000, 1.0000, 1.0000, 1.0000, 1.0000, 1.0000, 1.0000, 1.0000, 1.0000
Recall: 1.0000, 1.0000, 1.0000, 1.0000, 1.0000, 1.0000, 1.0000, 1.0000, 1.0000, 1.0000, 1.0000, 1.0000, 1.0000, 1.0000, 1.0000, 1.0000, 1.0000, 1.0000, 1.0000, 1.0000, 1.0000, 1.0000, 1.0000, 1.0000, 1.0000, 1.0000, 1.0000, 1.0000, 1.0000, 1.0000, 1.0000, 1.0000, 1.0000, 1.0000, 1.0000, 1.0000, 1.0000, 1.0000, 1.0000, 1.0000, 1.0000, 1.0000, 1.0000, 1.0000, 1.0000, 1.0000, 1.0000, 1.0000, 1.0000, 1.0000, 1.0000, 1.0000, 1.0000, 1.0000, 1.0000, 1.0000, 1.0000, 1.0000, 1.0000, 1.0000, 1.0000, 1.0000, 1.0000, 1.0000, 1.0000, 1.0000, 1.0000, 1.0000, 1.0000, 1.0000, 1.0000, 1.0000, 1.0000, 1.0000, 1.0000, 1.0000, 1.0000, 1.0000, 1.0000, 1.0000, 1.0000, 1.0000, 1.0000, 1.0000, 1.0000, 1.0000, 1.0000, 1.0000, 1.0000, 1.0000, 1.0000, 1.0000, 1.0000, 1.0000, 1.0000, 1.0000, 1.0000, 1.0000, 1.0000, 1.0000, 1.0000, 1.0000, 1.0000, 1.0000, 1.0000, 1.0000, 1.0000, 1.0000, 1.0000, 1.0000, 1.0000, 1.0000, 1.0000, 1.0000, 1.0000, 1.0000, 1.0000, 0.9932, 0.9863, 0.9863, 0.9863, 0.9795, 0.9726, 0.9658, 0.9589, 0.9521, 0.9452, 0.9315, 0.9247, 0.9178, 0.9110, 0.9041, 0.8973, 0.8904, 0.8836, 0.8767, 0.8562, 0.8493, 0.8425, 0.8356, 0.8288, 0.8219, 0.8151, 0.8014, 0.7945, 0.7877, 0.7808, 0.7740, 0.7671, 0.7603, 0.7534, 0.7397, 0.7329, 0.7260, 0.7192, 0.7123, 0.7055, 0.6986, 0.6918, 0.6781, 0.6712, 0.6644, 0.6575, 0.6370, 0.6301, 0.6164, 0.6096, 0.6027, 0.5959, 0.5753, 0.5685, 0.5616, 0.5548, 0.5479, 0.5411, 0.5342, 0.5205, 0.5137, 0.5068, 0.5000, 0.4932, 0.4863, 0.4795, 0.4726, 0.4658, 0.4589, 0.4521, 0.4178, 0.4110, 0.4041, 0.3836, 0.3767, 0.3699, 0.3630, 0.3493, 0.3425, 0.3288, 0.3219, 0.3151, 0.3082, 0.3014, 0.2945, 0.2877, 0.2808, 0.2740, 0.2671, 0.2603, 0.2534, 0.2466, 0.2397, 0.2260, 0.2192, 0.2123, 0.1986, 0.1918, 0.1781, 0.1712, 0.1644, 0.1575, 0.1507, 0.1370, 0.1301, 0.1233, 0.1164, 0.1096, 0.1027, 0.0959, 0.0890, 0.0822, 0.0753, 0.0685, 0.0616, 0.0548, 0.0479, 0.0411, 0.0274, 0.0205, 0.0137, 0.0068, 0.0000


50K.csv:
--------
European:
Precision: 0.2551, 0.2582, 0.2597, 0.2628, 0.2636, 0.2644, 0.2652, 0.2661, 0.2702, 0.2736, 0.2744, 0.2771, 0.2780, 0.2834, 0.2843, 0.2852, 0.2871, 0.2939, 0.2949, 0.2969, 0.2990, 0.3010, 0.3021, 0.3053, 0.3063, 0.3096, 0.3107, 0.3141, 0.3175, 0.3199, 0.3246, 0.3271, 0.3295, 0.3359, 0.3385, 0.3398, 0.3412, 0.3425, 0.3452, 0.3466, 0.3480, 0.3508, 0.3522, 0.3537, 0.3551, 0.3566, 0.3580, 0.3595, 0.3610, 0.3625, 0.3640, 0.3671, 0.3686, 0.3702, 0.3718, 0.3734, 0.3750, 0.3766, 0.3783, 0.3799, 0.3816, 0.3833, 0.3850, 0.3867, 0.3884, 0.3901, 0.3919, 0.3937, 0.3955, 0.3973, 0.3991, 0.4009, 0.4028, 0.4047, 0.4065, 0.4085, 0.4104, 0.4123, 0.4143, 0.4163, 0.4183, 0.4203, 0.4223, 0.4244, 0.4265, 0.4286, 0.4307, 0.4328, 0.4350, 0.4372, 0.4394, 0.4416, 0.4439, 0.4462, 0.4485, 0.4508, 0.4555, 0.4579, 0.4603, 0.4628, 0.4652, 0.4677, 0.4703, 0.4728, 0.4754, 0.4780, 0.4807, 0.4833, 0.4860, 0.4888, 0.4915, 0.4943, 0.4971, 0.5000, 0.5029, 0.5058, 0.5088, 0.5118, 0.5148, 0.5179, 0.5210, 0.5241, 0.5273, 0.5305, 0.5337, 0.5370, 0.5404, 0.5437, 0.5472, 0.5506, 0.5577, 0.5613, 0.5649, 0.5686, 0.5724, 0.5800, 0.5839, 0.5878, 0.5918, 0.5959, 0.6000, 0.6042, 0.6127, 0.6170, 0.6214, 0.6259, 0.6304, 0.6350, 0.6397, 0.6444, 0.6493, 0.6541, 0.6591, 0.6641, 0.6692, 0.6744, 0.6797, 0.6850, 0.6905, 0.6960, 0.7016, 0.7073, 0.7131, 0.7190, 0.7250, 0.7311, 0.7373, 0.7436, 0.7500, 0.7565, 0.7632, 0.7611, 0.7545, 0.7615, 0.7685, 0.7757, 0.7830, 0.7905, 0.7981, 0.8058, 0.8137, 0.8218, 0.8300, 0.8384, 0.8469, 0.8557, 0.8646, 0.8737, 0.8830, 0.8925, 0.9022, 0.9121, 0.9222, 0.9326, 0.9432, 0.9540, 0.9651, 0.9765, 0.9881, 1.0000, 1.0000, 1.0000, 1.0000, 1.0000, 1.0000, 1.0000, 1.0000, 1.0000, 1.0000, 1.0000, 1.0000, 1.0000, 1.0000, 1.0000, 1.0000, 1.0000, 1.0000, 1.0000, 1.0000, 1.0000, 1.0000, 1.0000, 1.0000, 1.0000, 1.0000, 1.0000, 1.0000, 1.0000, 1.0000, 1.0000, 1.0000, 1.0000, 1.0000, 1.0000, 1.0000, 1.0000, 1.0000, 1.0000, 1.0000, 1.0000, 1.0000, 1.0000, 1.0000, 1.0000, 1.0000, 1.0000, 1.0000, 1.0000, 1.0000, 1.0000, 1.0000, 1.0000, 1.0000, 1.0000, 1.0000, 1.0000, 1.0000, 1.0000, 1.0000, 1.0000, 1.0000, 1.0000, 1.0000, 1.0000, 1.0000, 1.0000, 1.0000, 1.0000, 1.0000, 1.0000, 1.0000, 1.0000, 1.0000
Recall: 1.0000, 1.0000, 1.0000, 1.0000, 1.0000, 1.0000, 1.0000, 1.0000, 1.0000, 1.0000, 1.0000, 1.0000, 1.0000, 1.0000, 1.0000, 1.0000, 1.0000, 1.0000, 1.0000, 1.0000, 1.0000, 1.0000, 1.0000, 1.0000, 1.0000, 1.0000, 1.0000, 1.0000, 1.0000, 1.0000, 1.0000, 1.0000, 1.0000, 1.0000, 1.0000, 1.0000, 1.0000, 1.0000, 1.0000, 1.0000, 1.0000, 1.0000, 1.0000, 1.0000, 1.0000, 1.0000, 1.0000, 1.0000, 1.0000, 1.0000, 1.0000, 1.0000, 1.0000, 1.0000, 1.0000, 1.0000, 1.0000, 1.0000, 1.0000, 1.0000, 1.0000, 1.0000, 1.0000, 1.0000, 1.0000, 1.0000, 1.0000, 1.0000, 1.0000, 1.0000, 1.0000, 1.0000, 1.0000, 1.0000, 1.0000, 1.0000, 1.0000, 1.0000, 1.0000, 1.0000, 1.0000, 1.0000, 1.0000, 1.0000, 1.0000, 1.0000, 1.0000, 1.0000, 1.0000, 1.0000, 1.0000, 1.0000, 1.0000, 1.0000, 1.0000, 1.0000, 1.0000, 1.0000, 1.0000, 1.0000, 1.0000, 1.0000, 1.0000, 1.0000, 1.0000, 1.0000, 1.0000, 1.0000, 1.0000, 1.0000, 1.0000, 1.0000, 1.0000, 1.0000, 1.0000, 1.0000, 1.0000, 1.0000, 1.0000, 1.0000, 1.0000, 1.0000, 1.0000, 1.0000, 1.0000, 1.0000, 1.0000, 1.0000, 1.0000, 1.0000, 1.0000, 1.0000, 1.0000, 1.0000, 1.0000, 1.0000, 1.0000, 1.0000, 1.0000, 1.0000, 1.0000, 1.0000, 1.0000, 1.0000, 1.0000, 1.0000, 1.0000, 1.0000, 1.0000, 1.0000, 1.0000, 1.0000, 1.0000, 1.0000, 1.0000, 1.0000, 1.0000, 1.0000, 1.0000, 1.0000, 1.0000, 1.0000, 1.0000, 1.0000, 1.0000, 1.0000, 1.0000, 1.0000, 1.0000, 1.0000, 1.0000, 0.9885, 0.9540, 0.9540, 0.9540, 0.9540, 0.9540, 0.9540, 0.9540, 0.9540, 0.9540, 0.9540, 0.9540, 0.9540, 0.9540, 0.9540, 0.9540, 0.9540, 0.9540, 0.9540, 0.9540, 0.9540, 0.9540, 0.9540, 0.9540, 0.9540, 0.9540, 0.9540, 0.9540, 0.9540, 0.9425, 0.9310, 0.9195, 0.9080, 0.8966, 0.8851, 0.8736, 0.8621, 0.8506, 0.8391, 0.8276, 0.8161, 0.8046, 0.7931, 0.7816, 0.7701, 0.7586, 0.7471, 0.7356, 0.7241, 0.7126, 0.7011, 0.6897, 0.6782, 0.6667, 0.6552, 0.6437, 0.6322, 0.6207, 0.6092, 0.5977, 0.5862, 0.5747, 0.5632, 0.5517, 0.5402, 0.5287, 0.5172, 0.5057, 0.4943, 0.4828, 0.4713, 0.4598, 0.4483, 0.4368, 0.4253, 0.4138, 0.4023, 0.3908, 0.3793, 0.3678, 0.3563, 0.3448, 0.3333, 0.3218, 0.3103, 0.2989, 0.2874, 0.2759, 0.2644, 0.2529, 0.2414, 0.2299, 0.2184, 0.2069, 0.1954, 0.1839, 0.1724, 0.1609, 0.1494, 0.1379, 0.1149, 0.0000

African:
Precision: 0.3167, 0.3195, 0.3205, 0.3234, 0.3243, 0.3253, 0.3263, 0.3273, 0.3283, 0.3293, 0.3303, 0.3313, 0.3323, 0.3333, 0.3344, 0.3354, 0.3364, 0.3375, 0.3386, 0.3396, 0.3407, 0.3418, 0.3429, 0.3439, 0.3450, 0.3462, 0.3473, 0.3484, 0.3495, 0.3506, 0.3518, 0.3529, 0.3541, 0.3553, 0.3564, 0.3576, 0.3588, 0.3600, 0.3612, 0.3624, 0.3636, 0.3649, 0.3661, 0.3673, 0.3686, 0.3699, 0.3711, 0.3724, 0.3737, 0.3750, 0.3763, 0.3776, 0.3789, 0.3803, 0.3816, 0.3830, 0.3843, 0.3857, 0.3871, 0.3885, 0.3899, 0.3913, 0.3927, 0.3942, 0.3956, 0.3971, 0.3985, 0.4000, 0.4015, 0.4030, 0.4045, 0.4060, 0.4075, 0.4091, 0.4106, 0.4122, 0.4138, 0.4154, 0.4170, 0.4186, 0.4202, 0.4219, 0.4235, 0.4252, 0.4269, 0.4286, 0.4303, 0.4320, 0.4337, 0.4355, 0.4372, 0.4390, 0.4408, 0.4426, 0.4444, 0.4463, 0.4481, 0.4500, 0.4519, 0.4538, 0.4557, 0.4576, 0.4596, 0.4635, 0.4655, 0.4675, 0.4696, 0.4716, 0.4737, 0.4758, 0.4779, 0.4800, 0.4821, 0.4843, 0.4865, 0.4887, 0.4909, 0.4932, 0.4954, 0.4977, 0.5000, 0.5023, 0.5047, 0.5070, 0.5094, 0.5118, 0.5143, 0.5167, 0.5192, 0.5217, 0.5243, 0.5268, 0.5294, 0.5320, 0.5347, 0.5373, 0.5400, 0.5427, 0.5455, 0.5482, 0.5510, 0.5538, 0.5567, 0.5596, 0.5625, 0.5654, 0.5684, 0.5714, 0.5745, 0.5775, 0.5806, 0.5838, 0.5870, 0.5902, 0.5934, 0.5967, 0.6000, 0.6034, 0.6067, 0.6102, 0.6136, 0.6171, 0.6207, 0.6243, 0.6279, 0.6316, 0.6353, 0.6391, 0.6429, 0.6467, 0.6506, 0.6545, 0.6585, 0.6626, 0.6667, 0.6708, 0.6792, 0.6835, 0.6879, 0.6923, 0.6968, 0.7013, 0.7059, 0.7152, 0.7200, 0.7248, 0.7297, 0.7347, 0.7397, 0.7448, 0.7500, 0.7552, 0.7606, 0.7660, 0.7714, 0.7770, 0.7826, 0.7883, 0.7941, 0.8060, 0.8120, 0.8182, 0.8244, 0.8308, 0.8372, 0.8438, 0.8504, 0.8571, 0.8640, 0.8710, 0.8780, 0.8852, 0.8926, 0.9000, 0.9076, 0.9153, 0.9231, 0.9391, 0.9474, 0.9558, 0.9643, 0.9640, 0.9907, 1.0000, 1.0000, 1.0000, 1.0000, 1.0000, 1.0000, 1.0000, 1.0000, 1.0000, 1.0000, 1.0000, 1.0000, 1.0000, 1.0000, 1.0000, 1.0000, 1.0000, 1.0000, 1.0000, 1.0000, 1.0000, 1.0000, 1.0000, 1.0000, 1.0000, 1.0000, 1.0000, 1.0000, 1.0000, 1.0000, 1.0000, 1.0000, 1.0000, 1.0000, 1.0000, 1.0000, 1.0000, 1.0000, 1.0000, 1.0000, 1.0000, 1.0000, 1.0000, 1.0000, 1.0000, 1.0000, 1.0000, 1.0000, 1.0000, 1.0000, 1.0000, 1.0000, 1.0000, 1.0000, 1.0000, 1.0000
Recall: 1.0000, 1.0000, 1.0000, 1.0000, 1.0000, 1.0000, 1.0000, 1.0000, 1.0000, 1.0000, 1.0000, 1.0000, 1.0000, 1.0000, 1.0000, 1.0000, 1.0000, 1.0000, 1.0000, 1.0000, 1.0000, 1.0000, 1.0000, 1.0000, 1.0000, 1.0000, 1.0000, 1.0000, 1.0000, 1.0000, 1.0000, 1.0000, 1.0000, 1.0000, 1.0000, 1.0000, 1.0000, 1.0000, 1.0000, 1.0000, 1.0000, 1.0000, 1.0000, 1.0000, 1.0000, 1.0000, 1.0000, 1.0000, 1.0000, 1.0000, 1.0000, 1.0000, 1.0000, 1.0000, 1.0000, 1.0000, 1.0000, 1.0000, 1.0000, 1.0000, 1.0000, 1.0000, 1.0000, 1.0000, 1.0000, 1.0000, 1.0000, 1.0000, 1.0000, 1.0000, 1.0000, 1.0000, 1.0000, 1.0000, 1.0000, 1.0000, 1.0000, 1.0000, 1.0000, 1.0000, 1.0000, 1.0000, 1.0000, 1.0000, 1.0000, 1.0000, 1.0000, 1.0000, 1.0000, 1.0000, 1.0000, 1.0000, 1.0000, 1.0000, 1.0000, 1.0000, 1.0000, 1.0000, 1.0000, 1.0000, 1.0000, 1.0000, 1.0000, 1.0000, 1.0000, 1.0000, 1.0000, 1.0000, 1.0000, 1.0000, 1.0000, 1.0000, 1.0000, 1.0000, 1.0000, 1.0000, 1.0000, 1.0000, 1.0000, 1.0000, 1.0000, 1.0000, 1.0000, 1.0000, 1.0000, 1.0000, 1.0000, 1.0000, 1.0000, 1.0000, 1.0000, 1.0000, 1.0000, 1.0000, 1.0000, 1.0000, 1.0000, 1.0000, 1.0000, 1.0000, 1.0000, 1.0000, 1.0000, 1.0000, 1.0000, 1.0000, 1.0000, 1.0000, 1.0000, 1.0000, 1.0000, 1.0000, 1.0000, 1.0000, 1.0000, 1.0000, 1.0000, 1.0000, 1.0000, 1.0000, 1.0000, 1.0000, 1.0000, 1.0000, 1.0000, 1.0000, 1.0000, 1.0000, 1.0000, 1.0000, 1.0000, 1.0000, 1.0000, 1.0000, 1.0000, 1.0000, 1.0000, 1.0000, 1.0000, 1.0000, 1.0000, 1.0000, 1.0000, 1.0000, 1.0000, 1.0000, 1.0000, 1.0000, 1.0000, 1.0000, 1.0000, 1.0000, 1.0000, 1.0000, 1.0000, 1.0000, 1.0000, 1.0000, 1.0000, 1.0000, 1.0000, 1.0000, 1.0000, 1.0000, 1.0000, 1.0000, 1.0000, 1.0000, 1.0000, 1.0000, 1.0000, 1.0000, 1.0000, 1.0000, 1.0000, 1.0000, 1.0000, 1.0000, 1.0000, 1.0000, 1.0000, 0.9907, 0.9907, 0.9907, 0.9815, 0.9722, 0.9630, 0.9537, 0.9444, 0.9352, 0.9259, 0.9167, 0.9074, 0.8981, 0.8889, 0.8796, 0.8704, 0.8611, 0.8426, 0.8333, 0.8241, 0.8056, 0.7963, 0.7870, 0.7778, 0.7593, 0.7130, 0.6944, 0.6759, 0.6389, 0.6204, 0.5926, 0.5648, 0.5556, 0.5278, 0.5185, 0.4907, 0.4815, 0.4630, 0.4444, 0.4259, 0.4167, 0.3519, 0.3333, 0.3241, 0.3148, 0.2593, 0.2500, 0.2222, 0.2130, 0.1759, 0.1296, 0.1204, 0.1111, 0.1019, 0.0926, 0.0556, 0.0370, 0.0000

Asian:
Precision: 0.4282, 0.4320, 0.4332, 0.4371, 0.4384, 0.4398, 0.4411, 0.4424, 0.4438, 0.4451, 0.4465, 0.4479, 0.4492, 0.4506, 0.4520, 0.4534, 0.4548, 0.4562, 0.4577, 0.4591, 0.4606, 0.4620, 0.4635, 0.4650, 0.4665, 0.4679, 0.4695, 0.4710, 0.4725, 0.4740, 0.4756, 0.4771, 0.4787, 0.4803, 0.4818, 0.4834, 0.4850, 0.4867, 0.4883, 0.4899, 0.4916, 0.4932, 0.4949, 0.4966, 0.4983, 0.5000, 0.5017, 0.5034, 0.5052, 0.5069, 0.5087, 0.5105, 0.5123, 0.5141, 0.5159, 0.5177, 0.5196, 0.5214, 0.5233, 0.5252, 0.5271, 0.5290, 0.5309, 0.5328, 0.5348, 0.5368, 0.5387, 0.5407, 0.5428, 0.5448, 0.5468, 0.5489, 0.5509, 0.5530, 0.5551, 0.5573, 0.5594, 0.5615, 0.5637, 0.5659, 0.5748, 0.5794, 0.5887, 0.5911, 0.5935, 0.5959, 0.5984, 0.6058, 0.6109, 0.6213, 0.6239, 0.6320, 0.6348, 0.6518, 0.6547, 0.6577, 0.6636, 0.6854, 0.6887, 0.6952, 0.7019, 0.7087, 0.7122, 0.7228, 0.7264, 0.7374, 0.7411, 0.7526, 0.7565, 0.7644, 0.7725, 0.7892, 0.7978, 0.8066, 0.8295, 0.8391, 0.8439, 0.8488, 0.8538, 0.8639, 0.8690, 0.8743, 0.8848, 0.8902, 0.8957, 0.9012, 0.9068, 0.9125, 0.9182, 0.9241, 0.9299, 0.9359, 0.9419, 0.9481, 0.9542, 0.9605, 0.9669, 0.9733, 0.9799, 1.0000, 1.0000, 1.0000, 1.0000, 1.0000, 1.0000, 1.0000, 1.0000, 1.0000, 1.0000, 1.0000, 1.0000, 1.0000, 1.0000, 1.0000, 1.0000, 1.0000, 1.0000, 1.0000, 1.0000, 1.0000, 1.0000, 1.0000, 1.0000, 1.0000, 1.0000, 1.0000, 1.0000, 1.0000, 1.0000, 1.0000, 1.0000, 1.0000, 1.0000, 1.0000, 1.0000, 1.0000, 1.0000, 1.0000, 1.0000, 1.0000, 1.0000, 1.0000, 1.0000, 1.0000, 1.0000, 1.0000, 1.0000, 1.0000, 1.0000, 1.0000, 1.0000, 1.0000, 1.0000, 1.0000, 1.0000, 1.0000, 1.0000, 1.0000, 1.0000, 1.0000, 1.0000, 1.0000, 1.0000, 1.0000, 1.0000, 1.0000, 1.0000, 1.0000, 1.0000, 1.0000, 1.0000, 1.0000, 1.0000, 1.0000, 1.0000, 1.0000, 1.0000, 1.0000, 1.0000, 1.0000, 1.0000, 1.0000, 1.0000, 1.0000, 1.0000, 1.0000, 1.0000, 1.0000, 1.0000, 1.0000, 1.0000, 1.0000, 1.0000, 1.0000, 1.0000, 1.0000, 1.0000, 1.0000, 1.0000, 1.0000, 1.0000, 1.0000, 1.0000, 1.0000, 1.0000, 1.0000, 1.0000, 1.0000, 1.0000, 1.0000, 1.0000, 1.0000, 1.0000, 1.0000, 1.0000, 1.0000, 1.0000, 1.0000, 1.0000, 1.0000, 1.0000, 1.0000, 1.0000, 1.0000, 1.0000, 1.0000, 1.0000, 1.0000, 1.0000, 1.0000, 1.0000, 1.0000, 1.0000, 1.0000, 1.0000, 1.0000, 1.0000, 1.0000, 1.0000, 1.0000, 1.0000
Recall: 1.0000, 1.0000, 1.0000, 1.0000, 1.0000, 1.0000, 1.0000, 1.0000, 1.0000, 1.0000, 1.0000, 1.0000, 1.0000, 1.0000, 1.0000, 1.0000, 1.0000, 1.0000, 1.0000, 1.0000, 1.0000, 1.0000, 1.0000, 1.0000, 1.0000, 1.0000, 1.0000, 1.0000, 1.0000, 1.0000, 1.0000, 1.0000, 1.0000, 1.0000, 1.0000, 1.0000, 1.0000, 1.0000, 1.0000, 1.0000, 1.0000, 1.0000, 1.0000, 1.0000, 1.0000, 1.0000, 1.0000, 1.0000, 1.0000, 1.0000, 1.0000, 1.0000, 1.0000, 1.0000, 1.0000, 1.0000, 1.0000, 1.0000, 1.0000, 1.0000, 1.0000, 1.0000, 1.0000, 1.0000, 1.0000, 1.0000, 1.0000, 1.0000, 1.0000, 1.0000, 1.0000, 1.0000, 1.0000, 1.0000, 1.0000, 1.0000, 1.0000, 1.0000, 1.0000, 1.0000, 1.0000, 1.0000, 1.0000, 1.0000, 1.0000, 1.0000, 1.0000, 1.0000, 1.0000, 1.0000, 1.0000, 1.0000, 1.0000, 1.0000, 1.0000, 1.0000, 1.0000, 1.0000, 1.0000, 1.0000, 1.0000, 1.0000, 1.0000, 1.0000, 1.0000, 1.0000, 1.0000, 1.0000, 1.0000, 1.0000, 1.0000, 1.0000, 1.0000, 1.0000, 1.0000, 1.0000, 1.0000, 1.0000, 1.0000, 1.0000, 1.0000, 1.0000, 1.0000, 1.0000, 1.0000, 1.0000, 1.0000, 1.0000, 1.0000, 1.0000, 1.0000, 1.0000, 1.0000, 1.0000, 1.0000, 1.0000, 1.0000, 1.0000, 1.0000, 1.0000, 0.9932, 0.9863, 0.9795, 0.9726, 0.9658, 0.9521, 0.9452, 0.9384, 0.9315, 0.9247, 0.9178, 0.9110, 0.9041, 0.8973, 0.8904, 0.8836, 0.8767, 0.8699, 0.8630, 0.8562, 0.8493, 0.8425, 0.8356, 0.8219, 0.8151, 0.8082, 0.8014, 0.7945, 0.7877, 0.7808, 0.7740, 0.7671, 0.7603, 0.7534, 0.7466, 0.7397, 0.7329, 0.7260, 0.7192, 0.7055, 0.6986, 0.6918, 0.6849, 0.6781, 0.6712, 0.6644, 0.6507, 0.6438, 0.6370, 0.6301, 0.6233, 0.6164, 0.6096, 0.6027, 0.5959, 0.5890, 0.5822, 0.5753, 0.5685, 0.5616, 0.5548, 0.5479, 0.5411, 0.5342, 0.5274, 0.5205, 0.5137, 0.5068, 0.5000, 0.4932, 0.4863, 0.4795, 0.4726, 0.4658, 0.4589, 0.4521, 0.4452, 0.4384, 0.4315, 0.4247, 0.4178, 0.4110, 0.4041, 0.3973, 0.3904, 0.3836, 0.3767, 0.3699, 0.3630, 0.3562, 0.3493, 0.3425, 0.3356, 0.3288, 0.3219, 0.3151, 0.3082, 0.3014, 0.2945, 0.2877, 0.2808, 0.2740, 0.2671, 0.2603, 0.2534, 0.2466, 0.2397, 0.2329, 0.2260, 0.2192, 0.2123, 0.2055, 0.1986, 0.1918, 0.1849, 0.1781, 0.1712, 0.1644, 0.1507, 0.1438, 0.1370, 0.1301, 0.1233, 0.1164, 0.1096, 0.1027, 0.0959, 0.0890, 0.0822, 0.0753, 0.0685, 0.0616, 0.0548, 0.0479, 0.0411, 0.0342, 0.0274, 0.0205, 0.0137, 0.0068, 0.0000

