AUC Values
==========

100.csv:
--------
European:
Precision: 0.2174, 0.2193, 0.2212, 0.2232, 0.2252, 0.2273, 0.2294, 0.2315, 0.2336, 0.2358, 0.2381, 0.2404, 0.2427, 0.2451, 0.2475, 0.2500, 0.2525, 0.2551, 0.2577, 0.2604, 0.2632, 0.2660, 0.2688, 0.2717, 0.2747, 0.2778, 0.2809, 0.2841, 0.2874, 0.2907, 0.2941, 0.2976, 0.3012, 0.3049, 0.3086, 0.3125, 0.3165, 0.3205, 0.3247, 0.3378, 0.3425, 0.3472, 0.3521, 0.3571, 0.3623, 0.3676, 0.3731, 0.3788, 0.3846, 0.3906, 0.3968, 0.4032, 0.4098, 0.4167, 0.4237, 0.4386, 0.4464, 0.4545, 0.4444, 0.4528, 0.4423, 0.4314, 0.4400, 0.4490, 0.4583, 0.4468, 0.4348, 0.4444, 0.4545, 0.4651, 0.4762, 0.4878, 0.5000, 0.5128, 0.5263, 0.5405, 0.5556, 0.5429, 0.5588, 0.5455, 0.5625, 0.5806, 0.5667, 0.5862, 0.5714, 0.5926, 0.6154, 0.6400, 0.6250, 0.6522, 0.6818, 0.7143, 0.7500, 0.7895, 0.7778, 0.7647, 0.8125, 0.8000, 0.7857, 0.7692, 0.8333, 0.8182, 0.8000, 0.7778, 0.7500, 0.8571, 0.8333, 0.8000, 1.0000, 1.0000, 1.0000, 1.0000, 1.0000
Recall: 1.0000, 1.0000, 1.0000, 1.0000, 1.0000, 1.0000, 1.0000, 1.0000, 1.0000, 1.0000, 1.0000, 1.0000, 1.0000, 1.0000, 1.0000, 1.0000, 1.0000, 1.0000, 1.0000, 1.0000, 1.0000, 1.0000, 1.0000, 1.0000, 1.0000, 1.0000, 1.0000, 1.0000, 1.0000, 1.0000, 1.0000, 1.0000, 1.0000, 1.0000, 1.0000, 1.0000, 1.0000, 1.0000, 1.0000, 1.0000, 1.0000, 1.0000, 1.0000, 1.0000, 1.0000, 1.0000, 1.0000, 1.0000, 1.0000, 1.0000, 1.0000, 1.0000, 1.0000, 1.0000, 1.0000, 1.0000, 1.0000, 1.0000, 0.9600, 0.9600, 0.9200, 0.8800, 0.8800, 0.8800, 0.8800, 0.8400, 0.8000, 0.8000, 0.8000, 0.8000, 0.8000, 0.8000, 0.8000, 0.8000, 0.8000, 0.8000, 0.8000, 0.7600, 0.7600, 0.7200, 0.7200, 0.7200, 0.6800, 0.6800, 0.6400, 0.6400, 0.6400, 0.6400, 0.6000, 0.6000, 0.6000, 0.6000, 0.6000, 0.6000, 0.5600, 0.5200, 0.5200, 0.4800, 0.4400, 0.4000, 0.4000, 0.3600, 0.3200, 0.2800, 0.2400, 0.2400, 0.2000, 0.1600, 0.1600, 0.1200, 0.0800, 0.0400, 0.0000

African:
Precision: 0.3478, 0.3509, 0.3540, 0.3571, 0.3604, 0.3636, 0.3670, 0.3704, 0.3738, 0.3774, 0.3810, 0.3846, 0.3883, 0.3922, 0.3960, 0.4000, 0.4040, 0.4082, 0.4124, 0.4167, 0.4211, 0.4255, 0.4301, 0.4348, 0.4396, 0.4444, 0.4494, 0.4545, 0.4598, 0.4651, 0.4706, 0.4762, 0.4819, 0.5000, 0.5063, 0.5128, 0.5195, 0.5263, 0.5333, 0.5405, 0.5479, 0.5556, 0.5634, 0.5714, 0.5797, 0.5882, 0.5970, 0.6061, 0.6154, 0.6250, 0.6349, 0.6452, 0.6557, 0.6667, 0.6780, 0.7018, 0.7143, 0.7273, 0.7407, 0.7547, 0.7692, 0.7843, 0.8000, 0.8163, 0.8333, 0.8511, 0.8696, 0.8889, 0.9091, 0.9070, 0.9286, 0.9268, 0.9500, 0.9487, 0.9474, 0.9459, 0.9722, 0.9714, 0.9706, 0.9697, 0.9688, 0.9677, 0.9667, 0.9655, 0.9643, 0.9630, 0.9615, 0.9600, 0.9583, 0.9565, 0.9545, 0.9524, 0.9500, 1.0000, 1.0000, 1.0000, 1.0000, 1.0000, 1.0000, 1.0000, 1.0000, 1.0000, 1.0000, 1.0000, 1.0000, 1.0000, 1.0000, 1.0000, 1.0000, 1.0000, 1.0000, 1.0000, 1.0000
Recall: 1.0000, 1.0000, 1.0000, 1.0000, 1.0000, 1.0000, 1.0000, 1.0000, 1.0000, 1.0000, 1.0000, 1.0000, 1.0000, 1.0000, 1.0000, 1.0000, 1.0000, 1.0000, 1.0000, 1.0000, 1.0000, 1.0000, 1.0000, 1.0000, 1.0000, 1.0000, 1.0000, 1.0000, 1.0000, 1.0000, 1.0000, 1.0000, 1.0000, 1.0000, 1.0000, 1.0000, 1.0000, 1.0000, 1.0000, 1.0000, 1.0000, 1.0000, 1.0000, 1.0000, 1.0000, 1.0000, 1.0000, 1.0000, 1.0000, 1.0000, 1.0000, 1.0000, 1.0000, 1.0000, 1.0000, 1.0000, 1.0000, 1.0000, 1.0000, 1.0000, 1.0000, 1.0000, 1.0000, 1.0000, 1.0000, 1.0000, 1.0000, 1.0000, 1.0000, 0.9750, 0.9750, 0.9500, 0.9500, 0.9250, 0.9000, 0.8750, 0.8750, 0.8500, 0.8250, 0.8000, 0.7750, 0.7500, 0.7250, 0.7000, 0.6750, 0.6500, 0.6250, 0.6000, 0.5750, 0.5500, 0.5250, 0.5000, 0.4750, 0.4750, 0.4500, 0.4250, 0.4000, 0.3750, 0.3500, 0.3250, 0.3000, 0.2750, 0.2500, 0.2250, 0.2000, 0.1750, 0.1500, 0.1250, 0.1000, 0.0750, 0.0500, 0.0250, 0.0000

Asian:
Precision: 0.4348, 0.4386, 0.4425, 0.4464, 0.4505, 0.4455, 0.4495, 0.4537, 0.4486, 0.4528, 0.4571, 0.4615, 0.4660, 0.4608, 0.4653, 0.4700, 0.4747, 0.4796, 0.4845, 0.4896, 0.4947, 0.5000, 0.5054, 0.5109, 0.5165, 0.5222, 0.5281, 0.5341, 0.5402, 0.5465, 0.5529, 0.5595, 0.5663, 0.5732, 0.5802, 0.5750, 0.5823, 0.5897, 0.5974, 0.6053, 0.6133, 0.6081, 0.6164, 0.6250, 0.6338, 0.6429, 0.6522, 0.6618, 0.6716, 0.6818, 0.6923, 0.7031, 0.7143, 0.7258, 0.7377, 0.7500, 0.7627, 0.7586, 0.7719, 0.7857, 0.8000, 0.7963, 0.8113, 0.8077, 0.8039, 0.8000, 0.7959, 0.8125, 0.8085, 0.8261, 0.8222, 0.8409, 0.8372, 0.8333, 0.8537, 0.8750, 0.8974, 0.8947, 0.9189, 0.9167, 0.9143, 0.9118, 0.9062, 0.9032, 0.9000, 0.8966, 0.8929, 0.8889, 0.8846, 0.8800, 0.8750, 0.8696, 0.8636, 0.9048, 0.9000, 0.8947, 0.8889, 0.8824, 0.8750, 0.8462, 0.8333, 0.8182, 0.8000, 0.7778, 0.8750, 1.0000, 1.0000, 1.0000, 1.0000, 1.0000, 1.0000, 1.0000, 1.0000
Recall: 1.0000, 1.0000, 1.0000, 1.0000, 1.0000, 0.9800, 0.9800, 0.9800, 0.9600, 0.9600, 0.9600, 0.9600, 0.9600, 0.9400, 0.9400, 0.9400, 0.9400, 0.9400, 0.9400, 0.9400, 0.9400, 0.9400, 0.9400, 0.9400, 0.9400, 0.9400, 0.9400, 0.9400, 0.9400, 0.9400, 0.9400, 0.9400, 0.9400, 0.9400, 0.9400, 0.9200, 0.9200, 0.9200, 0.9200, 0.9200, 0.9200, 0.9000, 0.9000, 0.9000, 0.9000, 0.9000, 0.9000, 0.9000, 0.9000, 0.9000, 0.9000, 0.9000, 0.9000, 0.9000, 0.9000, 0.9000, 0.9000, 0.8800, 0.8800, 0.8800, 0.8800, 0.8600, 0.8600, 0.8400, 0.8200, 0.8000, 0.7800, 0.7800, 0.7600, 0.7600, 0.7400, 0.7400, 0.7200, 0.7000, 0.7000, 0.7000, 0.7000, 0.6800, 0.6800, 0.6600, 0.6400, 0.6200, 0.5800, 0.5600, 0.5400, 0.5200, 0.5000, 0.4800, 0.4600, 0.4400, 0.4200, 0.4000, 0.3800, 0.3800, 0.3600, 0.3400, 0.3200, 0.3000, 0.2800, 0.2200, 0.2000, 0.1800, 0.1600, 0.1400, 0.1400, 0.1400, 0.1200, 0.1000, 0.0800, 0.0600, 0.0400, 0.0200, 0.0000


10K.csv:
--------
European:
Precision: 0.2174, 0.2193, 0.2212, 0.2232, 0.2252, 0.2273, 0.2294, 0.2315, 0.2336, 0.2358, 0.2381, 0.2404, 0.2427, 0.2451, 0.2475, 0.2500, 0.2525, 0.2551, 0.2577, 0.2688, 0.2717, 0.2747, 0.2778, 0.2809, 0.2841, 0.2907, 0.2941, 0.2976, 0.3012, 0.3049, 0.3086, 0.3125, 0.3165, 0.3205, 0.3247, 0.3289, 0.3333, 0.3378, 0.3425, 0.3472, 0.3521, 0.3571, 0.3623, 0.3676, 0.3731, 0.3788, 0.3846, 0.3906, 0.3968, 0.4032, 0.4098, 0.4167, 0.4237, 0.4310, 0.4386, 0.4464, 0.4545, 0.4630, 0.4717, 0.4808, 0.4902, 0.5000, 0.5102, 0.5208, 0.5319, 0.5435, 0.5556, 0.5682, 0.5814, 0.5952, 0.6098, 0.6250, 0.6410, 0.6579, 0.6757, 0.6944, 0.7143, 0.7353, 0.7576, 0.7812, 0.8065, 0.8333, 0.8621, 0.8929, 0.9259, 0.9615, 0.9600, 1.0000, 1.0000, 1.0000, 1.0000, 1.0000, 1.0000, 1.0000, 1.0000, 1.0000, 1.0000, 1.0000, 1.0000, 1.0000, 1.0000, 1.0000, 1.0000, 1.0000, 1.0000, 1.0000, 1.0000, 1.0000, 1.0000, 1.0000, 1.0000
Recall: 1.0000, 1.0000, 1.0000, 1.0000, 1.0000, 1.0000, 1.0000, 1.0000, 1.0000, 1.0000, 1.0000, 1.0000, 1.0000, 1.0000, 1.0000, 1.0000, 1.0000, 1.0000, 1.0000, 1.0000, 1.0000, 1.0000, 1.0000, 1.0000, 1.0000, 1.0000, 1.0000, 1.0000, 1.0000, 1.0000, 1.0000, 1.0000, 1.0000, 1.0000, 1.0000, 1.0000, 1.0000, 1.0000, 1.0000, 1.0000, 1.0000, 1.0000, 1.0000, 1.0000, 1.0000, 1.0000, 1.0000, 1.0000, 1.0000, 1.0000, 1.0000, 1.0000, 1.0000, 1.0000, 1.0000, 1.0000, 1.0000, 1.0000, 1.0000, 1.0000, 1.0000, 1.0000, 1.0000, 1.0000, 1.0000, 1.0000, 1.0000, 1.0000, 1.0000, 1.0000, 1.0000, 1.0000, 1.0000, 1.0000, 1.0000, 1.0000, 1.0000, 1.0000, 1.0000, 1.0000, 1.0000, 1.0000, 1.0000, 1.0000, 1.0000, 1.0000, 0.9600, 0.9600, 0.9200, 0.8800, 0.8400, 0.8000, 0.7600, 0.7200, 0.6800, 0.6400, 0.6000, 0.5600, 0.5200, 0.4800, 0.4400, 0.4000, 0.3600, 0.3200, 0.2800, 0.2400, 0.2000, 0.1600, 0.1200, 0.0800, 0.0000

African:
Precision: 0.3478, 0.3540, 0.3571, 0.3604, 0.3636, 0.3670, 0.3704, 0.3738, 0.3774, 0.3810, 0.3846, 0.3883, 0.3922, 0.3960, 0.4000, 0.4040, 0.4082, 0.4124, 0.4167, 0.4211, 0.4255, 0.4301, 0.4348, 0.4396, 0.4444, 0.4382, 0.4432, 0.4483, 0.4535, 0.4588, 0.4643, 0.4699, 0.4756, 0.4815, 0.4875, 0.4937, 0.5000, 0.5065, 0.5132, 0.5200, 0.5270, 0.5342, 0.5417, 0.5493, 0.5571, 0.5652, 0.5735, 0.5821, 0.5909, 0.6000, 0.6094, 0.6190, 0.6290, 0.6393, 0.6500, 0.6610, 0.6724, 0.6842, 0.6964, 0.7091, 0.7222, 0.7358, 0.7500, 0.7647, 0.7800, 0.7959, 0.8125, 0.8298, 0.8478, 0.8667, 0.8864, 0.9070, 0.9286, 0.9512, 0.9750, 1.0000, 1.0000, 1.0000, 1.0000, 1.0000, 1.0000, 1.0000, 1.0000, 1.0000, 1.0000, 1.0000, 1.0000, 1.0000, 1.0000, 1.0000, 1.0000, 1.0000, 1.0000, 1.0000, 1.0000, 1.0000, 1.0000, 1.0000, 1.0000, 1.0000, 1.0000, 1.0000, 1.0000, 1.0000, 1.0000, 1.0000, 1.0000, 1.0000, 1.0000, 1.0000, 1.0000
Recall: 1.0000, 1.0000, 1.0000, 1.0000, 1.0000, 1.0000, 1.0000, 1.0000, 1.0000, 1.0000, 1.0000, 1.0000, 1.0000, 1.0000, 1.0000, 1.0000, 1.0000, 1.0000, 1.0000, 1.0000, 1.0000, 1.0000, 1.0000, 1.0000, 1.0000, 0.9750, 0.9750, 0.9750, 0.9750, 0.9750, 0.9750, 0.9750, 0.9750, 0.9750, 0.9750, 0.9750, 0.9750, 0.9750, 0.9750, 0.9750, 0.9750, 0.9750, 0.9750, 0.9750, 0.9750, 0.9750, 0.9750, 0.9750, 0.9750, 0.9750, 0.9750, 0.9750, 0.9750, 0.9750, 0.9750, 0.9750, 0.9750, 0.9750, 0.9750, 0.9750, 0.9750, 0.9750, 0.9750, 0.9750, 0.9750, 0.9750, 0.9750, 0.9750, 0.9750, 0.9750, 0.9750, 0.9750, 0.9750, 0.9750, 0.9750, 0.9750, 0.9500, 0.9250, 0.9000, 0.8750, 0.8500, 0.8250, 0.8000, 0.7750, 0.7500, 0.7250, 0.7000, 0.6750, 0.6500, 0.6250, 0.6000, 0.5750, 0.5500, 0.5250, 0.4750, 0.4500, 0.4250, 0.4000, 0.3750, 0.3500, 0.2500, 0.2250, 0.2000, 0.1750, 0.1500, 0.1250, 0.1000, 0.0750, 0.0500, 0.0250, 0.0000

Asian:
Precision: 0.4348, 0.4425, 0.4464, 0.4505, 0.4545, 0.4587, 0.4630, 0.4673, 0.4717, 0.4762, 0.4808, 0.4854, 0.4902, 0.4950, 0.5000, 0.5051, 0.5102, 0.5155, 0.5208, 0.5263, 0.5319, 0.5376, 0.5435, 0.5495, 0.5556, 0.5618, 0.5682, 0.5747, 0.5814, 0.5882, 0.5952, 0.6024, 0.6098, 0.6173, 0.6250, 0.6329, 0.6667, 0.6757, 0.6849, 0.6944, 0.7042, 0.7143, 0.7353, 0.7463, 0.7576, 0.7692, 0.7812, 0.7937, 0.8065, 0.8197, 0.8333, 0.8475, 0.8621, 0.8772, 0.8929, 0.9091, 0.9259, 0.9434, 0.9615, 0.9804, 1.0000, 1.0000, 1.0000, 1.0000, 1.0000, 1.0000, 1.0000, 1.0000, 1.0000, 1.0000, 1.0000, 1.0000, 1.0000, 1.0000, 1.0000, 1.0000, 1.0000, 1.0000, 1.0000, 1.0000, 1.0000, 1.0000, 1.0000, 1.0000, 1.0000, 1.0000, 1.0000, 1.0000, 1.0000, 1.0000, 1.0000, 1.0000, 1.0000, 1.0000, 1.0000, 1.0000, 1.0000, 1.0000, 1.0000, 1.0000, 1.0000, 1.0000, 1.0000, 1.0000, 1.0000, 1.0000, 1.0000, 1.0000, 1.0000, 1.0000, 1.0000
Recall: 1.0000, 1.0000, 1.0000, 1.0000, 1.0000, 1.0000, 1.0000, 1.0000, 1.0000, 1.0000, 1.0000, 1.0000, 1.0000, 1.0000, 1.0000, 1.0000, 1.0000, 1.0000, 1.0000, 1.0000, 1.0000, 1.0000, 1.0000, 1.0000, 1.0000, 1.0000, 1.0000, 1.0000, 1.0000, 1.0000, 1.0000, 1.0000, 1.0000, 1.0000, 1.0000, 1.0000, 1.0000, 1.0000, 1.0000, 1.0000, 1.0000, 1.0000, 1.0000, 1.0000, 1.0000, 1.0000, 1.0000, 1.0000, 1.0000, 1.0000, 1.0000, 1.0000, 1.0000, 1.0000, 1.0000, 1.0000, 1.0000, 1.0000, 1.0000, 1.0000, 1.0000, 0.9800, 0.9600, 0.9400, 0.9200, 0.9000, 0.8800, 0.8600, 0.8400, 0.8200, 0.8000, 0.7800, 0.7600, 0.7400, 0.7200, 0.7000, 0.6800, 0.6600, 0.6400, 0.6200, 0.6000, 0.5800, 0.5600, 0.5400, 0.5200, 0.5000, 0.4800, 0.4600, 0.4400, 0.4200, 0.4000, 0.3800, 0.3600, 0.3400, 0.3200, 0.3000, 0.2800, 0.2600, 0.2400, 0.2200, 0.2000, 0.1800, 0.1600, 0.1400, 0.1200, 0.1000, 0.0800, 0.0600, 0.0400, 0.0200, 0.0000


1K.csv:
-------
European:
Precision: 0.2174, 0.2193, 0.2212, 0.2232, 0.2252, 0.2273, 0.2294, 0.2315, 0.2336, 0.2358, 0.2381, 0.2404, 0.2427, 0.2475, 0.2500, 0.2525, 0.2577, 0.2604, 0.2632, 0.2660, 0.2688, 0.2717, 0.2747, 0.2778, 0.2809, 0.2841, 0.2874, 0.2907, 0.2941, 0.2976, 0.3012, 0.3049, 0.3086, 0.3125, 0.3165, 0.3205, 0.3247, 0.3289, 0.3333, 0.3378, 0.3425, 0.3472, 0.3521, 0.3571, 0.3623, 0.3676, 0.3731, 0.3788, 0.3846, 0.3906, 0.3968, 0.4032, 0.4098, 0.4167, 0.4237, 0.4310, 0.4386, 0.4464, 0.4545, 0.4630, 0.4717, 0.4808, 0.4902, 0.5000, 0.5102, 0.5208, 0.5319, 0.5435, 0.5556, 0.5682, 0.5814, 0.5952, 0.6098, 0.6250, 0.6410, 0.6579, 0.6757, 0.6944, 0.7143, 0.7353, 0.7576, 0.7812, 0.8065, 0.8333, 0.8621, 0.8571, 0.8519, 0.8462, 0.8400, 0.8333, 0.8261, 0.8636, 0.8571, 0.8500, 0.8421, 0.8333, 0.8824, 0.8750, 0.8667, 0.8571, 0.8462, 0.8333, 0.8182, 0.8000, 0.7778, 0.7500, 0.7143, 0.6667, 0.8000, 0.7500, 1.0000, 1.0000, 1.0000, 1.0000
Recall: 1.0000, 1.0000, 1.0000, 1.0000, 1.0000, 1.0000, 1.0000, 1.0000, 1.0000, 1.0000, 1.0000, 1.0000, 1.0000, 1.0000, 1.0000, 1.0000, 1.0000, 1.0000, 1.0000, 1.0000, 1.0000, 1.0000, 1.0000, 1.0000, 1.0000, 1.0000, 1.0000, 1.0000, 1.0000, 1.0000, 1.0000, 1.0000, 1.0000, 1.0000, 1.0000, 1.0000, 1.0000, 1.0000, 1.0000, 1.0000, 1.0000, 1.0000, 1.0000, 1.0000, 1.0000, 1.0000, 1.0000, 1.0000, 1.0000, 1.0000, 1.0000, 1.0000, 1.0000, 1.0000, 1.0000, 1.0000, 1.0000, 1.0000, 1.0000, 1.0000, 1.0000, 1.0000, 1.0000, 1.0000, 1.0000, 1.0000, 1.0000, 1.0000, 1.0000, 1.0000, 1.0000, 1.0000, 1.0000, 1.0000, 1.0000, 1.0000, 1.0000, 1.0000, 1.0000, 1.0000, 1.0000, 1.0000, 1.0000, 1.0000, 1.0000, 0.9600, 0.9200, 0.8800, 0.8400, 0.8000, 0.7600, 0.7600, 0.7200, 0.6800, 0.6400, 0.6000, 0.6000, 0.5600, 0.5200, 0.4800, 0.4400, 0.4000, 0.3600, 0.3200, 0.2800, 0.2400, 0.2000, 0.1600, 0.1600, 0.1200, 0.1200, 0.0800, 0.0400, 0.0000

African:
Precision: 0.3478, 0.3509, 0.3540, 0.3571, 0.3514, 0.3545, 0.3578, 0.3611, 0.3645, 0.3679, 0.3714, 0.3750, 0.3786, 0.3824, 0.3861, 0.3900, 0.3939, 0.3980, 0.4021, 0.4062, 0.4105, 0.4149, 0.4194, 0.4130, 0.4176, 0.4222, 0.4270, 0.4318, 0.4368, 0.4419, 0.4471, 0.4524, 0.4578, 0.4634, 0.4691, 0.4750, 0.4810, 0.4872, 0.4935, 0.5000, 0.5067, 0.5135, 0.5205, 0.5278, 0.5352, 0.5429, 0.5507, 0.5588, 0.5672, 0.5758, 0.5846, 0.5938, 0.6032, 0.6129, 0.6230, 0.6333, 0.6441, 0.6552, 0.6667, 0.6786, 0.6909, 0.7037, 0.7170, 0.7308, 0.7451, 0.7600, 0.7755, 0.7917, 0.8085, 0.8261, 0.8444, 0.8636, 0.8837, 0.9048, 0.9268, 0.9500, 0.9744, 1.0000, 1.0000, 1.0000, 1.0000, 1.0000, 1.0000, 1.0000, 1.0000, 1.0000, 1.0000, 1.0000, 1.0000, 1.0000, 1.0000, 1.0000, 1.0000, 1.0000, 1.0000, 1.0000, 1.0000, 1.0000, 1.0000, 1.0000, 1.0000, 1.0000, 1.0000, 1.0000, 1.0000, 1.0000, 1.0000, 1.0000, 1.0000, 1.0000, 1.0000, 1.0000, 1.0000, 1.0000
Recall: 1.0000, 1.0000, 1.0000, 1.0000, 0.9750, 0.9750, 0.9750, 0.9750, 0.9750, 0.9750, 0.9750, 0.9750, 0.9750, 0.9750, 0.9750, 0.9750, 0.9750, 0.9750, 0.9750, 0.9750, 0.9750, 0.9750, 0.9750, 0.9500, 0.9500, 0.9500, 0.9500, 0.9500, 0.9500, 0.9500, 0.9500, 0.9500, 0.9500, 0.9500, 0.9500, 0.9500, 0.9500, 0.9500, 0.9500, 0.9500, 0.9500, 0.9500, 0.9500, 0.9500, 0.9500, 0.9500, 0.9500, 0.9500, 0.9500, 0.9500, 0.9500, 0.9500, 0.9500, 0.9500, 0.9500, 0.9500, 0.9500, 0.9500, 0.9500, 0.9500, 0.9500, 0.9500, 0.9500, 0.9500, 0.9500, 0.9500, 0.9500, 0.9500, 0.9500, 0.9500, 0.9500, 0.9500, 0.9500, 0.9500, 0.9500, 0.9500, 0.9500, 0.9500, 0.9250, 0.9000, 0.8750, 0.8500, 0.8250, 0.8000, 0.7750, 0.7500, 0.7250, 0.7000, 0.6750, 0.6500, 0.6250, 0.6000, 0.5750, 0.5500, 0.5250, 0.5000, 0.4750, 0.4500, 0.4250, 0.4000, 0.3750, 0.3500, 0.3250, 0.3000, 0.2750, 0.2500, 0.2250, 0.1750, 0.1500, 0.1250, 0.0750, 0.0500, 0.0250, 0.0000

Asian:
Precision: 0.4348, 0.4386, 0.4425, 0.4464, 0.4505, 0.4545, 0.4495, 0.4537, 0.4579, 0.4623, 0.4667, 0.4712, 0.4757, 0.4804, 0.4851, 0.4900, 0.4949, 0.5000, 0.4948, 0.5000, 0.5053, 0.5106, 0.5161, 0.5217, 0.5275, 0.5333, 0.5393, 0.5455, 0.5517, 0.5581, 0.5647, 0.5783, 0.5854, 0.5926, 0.6076, 0.6154, 0.6234, 0.6316, 0.6400, 0.6486, 0.6575, 0.6667, 0.6761, 0.6857, 0.6957, 0.7059, 0.7164, 0.7273, 0.7385, 0.7500, 0.7619, 0.7742, 0.7869, 0.8000, 0.8136, 0.8276, 0.8421, 0.8571, 0.8727, 0.8889, 0.9057, 0.9231, 0.9412, 0.9600, 0.9796, 1.0000, 1.0000, 1.0000, 1.0000, 1.0000, 1.0000, 1.0000, 1.0000, 1.0000, 1.0000, 1.0000, 1.0000, 1.0000, 1.0000, 1.0000, 1.0000, 1.0000, 1.0000, 1.0000, 1.0000, 1.0000, 1.0000, 1.0000, 1.0000, 1.0000, 1.0000, 1.0000, 1.0000, 1.0000, 1.0000, 1.0000, 1.0000, 1.0000, 1.0000, 1.0000, 1.0000, 1.0000, 1.0000, 1.0000, 1.0000, 1.0000, 1.0000, 1.0000, 1.0000, 1.0000, 1.0000, 1.0000, 1.0000, 1.0000
Recall: 1.0000, 1.0000, 1.0000, 1.0000, 1.0000, 1.0000, 0.9800, 0.9800, 0.9800, 0.9800, 0.9800, 0.9800, 0.9800, 0.9800, 0.9800, 0.9800, 0.9800, 0.9800, 0.9600, 0.9600, 0.9600, 0.9600, 0.9600, 0.9600, 0.9600, 0.9600, 0.9600, 0.9600, 0.9600, 0.9600, 0.9600, 0.9600, 0.9600, 0.9600, 0.9600, 0.9600, 0.9600, 0.9600, 0.9600, 0.9600, 0.9600, 0.9600, 0.9600, 0.9600, 0.9600, 0.9600, 0.9600, 0.9600, 0.9600, 0.9600, 0.9600, 0.9600, 0.9600, 0.9600, 0.9600, 0.9600, 0.9600, 0.9600, 0.9600, 0.9600, 0.9600, 0.9600, 0.9600, 0.9600, 0.9600, 0.9600, 0.9400, 0.9200, 0.9000, 0.8800, 0.8600, 0.8400, 0.8200, 0.8000, 0.7800, 0.7600, 0.7400, 0.7200, 0.7000, 0.6800, 0.6600, 0.6400, 0.6200, 0.6000, 0.5800, 0.5600, 0.5400, 0.5200, 0.5000, 0.4800, 0.4600, 0.4400, 0.4200, 0.4000, 0.3800, 0.3600, 0.3400, 0.3200, 0.3000, 0.2800, 0.2600, 0.2400, 0.2200, 0.2000, 0.1800, 0.1600, 0.1400, 0.1200, 0.1000, 0.0800, 0.0600, 0.0400, 0.0200, 0.0000


300K.csv:
---------
European:
Precision: 0.2174, 0.2193, 0.2212, 0.2232, 0.2252, 0.2273, 0.2294, 0.2315, 0.2336, 0.2358, 0.2381, 0.2404, 0.2427, 0.2451, 0.2475, 0.2500, 0.2525, 0.2632, 0.2688, 0.2717, 0.2747, 0.2841, 0.2976, 0.3012, 0.3086, 0.3125, 0.3333, 0.3378, 0.3425, 0.3521, 0.3731, 0.3788, 0.3906, 0.3968, 0.4032, 0.4098, 0.4167, 0.4237, 0.4310, 0.4386, 0.4464, 0.4545, 0.4630, 0.4808, 0.4902, 0.5000, 0.5102, 0.5208, 0.5319, 0.5435, 0.5556, 0.5682, 0.5814, 0.5952, 0.6098, 0.6250, 0.6410, 0.6579, 0.6757, 0.6944, 0.7143, 0.7353, 0.7576, 0.7812, 0.8065, 0.8333, 0.8621, 0.8929, 0.9259, 0.9615, 1.0000, 1.0000, 1.0000, 1.0000, 1.0000, 1.0000, 1.0000, 1.0000, 1.0000, 1.0000, 1.0000, 1.0000, 1.0000, 1.0000, 1.0000, 1.0000, 1.0000, 1.0000, 1.0000, 1.0000, 1.0000, 1.0000, 1.0000, 1.0000, 1.0000
Recall: 1.0000, 1.0000, 1.0000, 1.0000, 1.0000, 1.0000, 1.0000, 1.0000, 1.0000, 1.0000, 1.0000, 1.0000, 1.0000, 1.0000, 1.0000, 1.0000, 1.0000, 1.0000, 1.0000, 1.0000, 1.0000, 1.0000, 1.0000, 1.0000, 1.0000, 1.0000, 1.0000, 1.0000, 1.0000, 1.0000, 1.0000, 1.0000, 1.0000, 1.0000, 1.0000, 1.0000, 1.0000, 1.0000, 1.0000, 1.0000, 1.0000, 1.0000, 1.0000, 1.0000, 1.0000, 1.0000, 1.0000, 1.0000, 1.0000, 1.0000, 1.0000, 1.0000, 1.0000, 1.0000, 1.0000, 1.0000, 1.0000, 1.0000, 1.0000, 1.0000, 1.0000, 1.0000, 1.0000, 1.0000, 1.0000, 1.0000, 1.0000, 1.0000, 1.0000, 1.0000, 1.0000, 0.9600, 0.9200, 0.8800, 0.8400, 0.8000, 0.7600, 0.7200, 0.6800, 0.6400, 0.6000, 0.5600, 0.5200, 0.4800, 0.4400, 0.4000, 0.3600, 0.3200, 0.2800, 0.2400, 0.2000, 0.1600, 0.1200, 0.0800, 0.0000

African:
Precision: 0.3478, 0.3540, 0.3571, 0.3604, 0.3636, 0.3670, 0.3704, 0.3738, 0.3774, 0.3810, 0.3846, 0.3883, 0.3922, 0.3960, 0.4000, 0.4040, 0.4082, 0.4124, 0.4167, 0.4211, 0.4255, 0.4301, 0.4348, 0.4396, 0.4444, 0.4494, 0.4545, 0.4598, 0.4651, 0.4706, 0.4762, 0.4819, 0.4878, 0.4938, 0.5000, 0.5063, 0.5128, 0.5195, 0.5263, 0.5333, 0.5405, 0.5479, 0.5556, 0.5634, 0.5714, 0.5797, 0.5882, 0.5970, 0.6061, 0.6154, 0.6250, 0.6349, 0.6452, 0.6557, 0.6667, 0.6780, 0.6897, 0.7018, 0.7273, 0.7407, 0.7547, 0.7692, 0.7843, 0.8000, 0.8163, 0.8333, 0.8511, 0.8696, 0.8889, 0.9091, 0.9302, 0.9524, 0.9756, 1.0000, 1.0000, 1.0000, 1.0000, 1.0000, 1.0000, 1.0000, 1.0000, 1.0000, 1.0000, 1.0000, 1.0000, 1.0000, 1.0000, 1.0000, 1.0000, 1.0000, 1.0000, 1.0000, 1.0000, 1.0000, 1.0000
Recall: 1.0000, 1.0000, 1.0000, 1.0000, 1.0000, 1.0000, 1.0000, 1.0000, 1.0000, 1.0000, 1.0000, 1.0000, 1.0000, 1.0000, 1.0000, 1.0000, 1.0000, 1.0000, 1.0000, 1.0000, 1.0000, 1.0000, 1.0000, 1.0000, 1.0000, 1.0000, 1.0000, 1.0000, 1.0000, 1.0000, 1.0000, 1.0000, 1.0000, 1.0000, 1.0000, 1.0000, 1.0000, 1.0000, 1.0000, 1.0000, 1.0000, 1.0000, 1.0000, 1.0000, 1.0000, 1.0000, 1.0000, 1.0000, 1.0000, 1.0000, 1.0000, 1.0000, 1.0000, 1.0000, 1.0000, 1.0000, 1.0000, 1.0000, 1.0000, 1.0000, 1.0000, 1.0000, 1.0000, 1.0000, 1.0000, 1.0000, 1.0000, 1.0000, 1.0000, 1.0000, 1.0000, 1.0000, 1.0000, 1.0000, 0.9750, 0.9500, 0.9250, 0.8750, 0.8500, 0.7500, 0.7000, 0.6750, 0.6500, 0.5250, 0.5000, 0.4500, 0.4250, 0.3250, 0.2500, 0.2250, 0.2000, 0.1500, 0.0500, 0.0250, 0.0000

Asian:
Precision: 0.4348, 0.4425, 0.4464, 0.4505, 0.4545, 0.4587, 0.4630, 0.4673, 0.4717, 0.4762, 0.4808, 0.4854, 0.4902, 0.4950, 0.5000, 0.5051, 0.5102, 0.5155, 0.5208, 0.5263, 0.5319, 0.5376, 0.5435, 0.5495, 0.5556, 0.5618, 0.5682, 0.5747, 0.5952, 0.6098, 0.6173, 0.6250, 0.6494, 0.6849, 0.6944, 0.7143, 0.7246, 0.7812, 0.7937, 0.8065, 0.8333, 0.8929, 0.9091, 0.9434, 0.9615, 0.9804, 1.0000, 1.0000, 1.0000, 1.0000, 1.0000, 1.0000, 1.0000, 1.0000, 1.0000, 1.0000, 1.0000, 1.0000, 1.0000, 1.0000, 1.0000, 1.0000, 1.0000, 1.0000, 1.0000, 1.0000, 1.0000, 1.0000, 1.0000, 1.0000, 1.0000, 1.0000, 1.0000, 1.0000, 1.0000, 1.0000, 1.0000, 1.0000, 1.0000, 1.0000, 1.0000, 1.0000, 1.0000, 1.0000, 1.0000, 1.0000, 1.0000, 1.0000, 1.0000, 1.0000, 1.0000, 1.0000, 1.0000, 1.0000, 1.0000, 1.0000
Recall: 1.0000, 1.0000, 1.0000, 1.0000, 1.0000, 1.0000, 1.0000, 1.0000, 1.0000, 1.0000, 1.0000, 1.0000, 1.0000, 1.0000, 1.0000, 1.0000, 1.0000, 1.0000, 1.0000, 1.0000, 1.0000, 1.0000, 1.0000, 1.0000, 1.0000, 1.0000, 1.0000, 1.0000, 1.0000, 1.0000, 1.0000, 1.0000, 1.0000, 1.0000, 1.0000, 1.0000, 1.0000, 1.0000, 1.0000, 1.0000, 1.0000, 1.0000, 1.0000, 1.0000, 1.0000, 1.0000, 1.0000, 0.9800, 0.9600, 0.9400, 0.9200, 0.9000, 0.8800, 0.8600, 0.8400, 0.8200, 0.8000, 0.7800, 0.7600, 0.7400, 0.7200, 0.7000, 0.6600, 0.6400, 0.6200, 0.6000, 0.5800, 0.5600, 0.5400, 0.5200, 0.5000, 0.4800, 0.4600, 0.4400, 0.4200, 0.4000, 0.3800, 0.3600, 0.3400, 0.3200, 0.3000, 0.2800, 0.2600, 0.2400, 0.2200, 0.2000, 0.1800, 0.1600, 0.1400, 0.1200, 0.1000, 0.0800, 0.0600, 0.0400, 0.0200, 0.0000


50K.csv:
--------
European:
Precision: 0.2174, 0.2193, 0.2212, 0.2232, 0.2252, 0.2273, 0.2315, 0.2336, 0.2358, 0.2381, 0.2404, 0.2427, 0.2451, 0.2475, 0.2500, 0.2551, 0.2577, 0.2632, 0.2660, 0.2688, 0.2874, 0.2907, 0.2941, 0.2976, 0.3012, 0.3049, 0.3086, 0.3125, 0.3165, 0.3205, 0.3289, 0.3425, 0.3472, 0.3521, 0.3623, 0.3676, 0.3731, 0.3788, 0.3846, 0.3906, 0.3968, 0.4032, 0.4098, 0.4167, 0.4237, 0.4310, 0.4386, 0.4464, 0.4545, 0.4630, 0.4808, 0.4902, 0.5000, 0.5102, 0.5208, 0.5319, 0.5556, 0.5682, 0.5814, 0.5952, 0.6098, 0.6250, 0.6410, 0.6579, 0.6757, 0.6944, 0.7143, 0.7353, 0.7576, 0.7812, 0.8065, 0.8333, 0.8621, 0.8929, 0.9259, 0.9615, 0.9600, 1.0000, 1.0000, 1.0000, 1.0000, 1.0000, 1.0000, 1.0000, 1.0000, 1.0000, 1.0000, 1.0000, 1.0000, 1.0000, 1.0000, 1.0000, 1.0000, 1.0000, 1.0000, 1.0000, 1.0000, 1.0000, 1.0000, 1.0000, 1.0000, 1.0000
Recall: 1.0000, 1.0000, 1.0000, 1.0000, 1.0000, 1.0000, 1.0000, 1.0000, 1.0000, 1.0000, 1.0000, 1.0000, 1.0000, 1.0000, 1.0000, 1.0000, 1.0000, 1.0000, 1.0000, 1.0000, 1.0000, 1.0000, 1.0000, 1.0000, 1.0000, 1.0000, 1.0000, 1.0000, 1.0000, 1.0000, 1.0000, 1.0000, 1.0000, 1.0000, 1.0000, 1.0000, 1.0000, 1.0000, 1.0000, 1.0000, 1.0000, 1.0000, 1.0000, 1.0000, 1.0000, 1.0000, 1.0000, 1.0000, 1.0000, 1.0000, 1.0000, 1.0000, 1.0000, 1.0000, 1.0000, 1.0000, 1.0000, 1.0000, 1.0000, 1.0000, 1.0000, 1.0000, 1.0000, 1.0000, 1.0000, 1.0000, 1.0000, 1.0000, 1.0000, 1.0000, 1.0000, 1.0000, 1.0000, 1.0000, 1.0000, 1.0000, 0.9600, 0.9600, 0.9200, 0.8800, 0.8400, 0.8000, 0.7600, 0.7200, 0.6800, 0.6400, 0.6000, 0.5600, 0.5200, 0.4800, 0.4400, 0.4000, 0.3600, 0.3200, 0.2800, 0.2400, 0.2000, 0.1600, 0.1200, 0.0800, 0.0400, 0.0000

African:
Precision: 0.3478, 0.3509, 0.3540, 0.3571, 0.3604, 0.3636, 0.3670, 0.3704, 0.3738, 0.3774, 0.3810, 0.3846, 0.3883, 0.3922, 0.3960, 0.4000, 0.4040, 0.4082, 0.4124, 0.4167, 0.4211, 0.4255, 0.4301, 0.4348, 0.4396, 0.4444, 0.4382, 0.4432, 0.4483, 0.4535, 0.4588, 0.4643, 0.4756, 0.4815, 0.4875, 0.4937, 0.5000, 0.5065, 0.5132, 0.5200, 0.5270, 0.5342, 0.5417, 0.5493, 0.5571, 0.5652, 0.5735, 0.5821, 0.5909, 0.6000, 0.6094, 0.6190, 0.6290, 0.6393, 0.6500, 0.6610, 0.6724, 0.6842, 0.6964, 0.7091, 0.7222, 0.7500, 0.7647, 0.7800, 0.7959, 0.8125, 0.8298, 0.8667, 0.8864, 0.9070, 0.9286, 0.9512, 0.9750, 1.0000, 1.0000, 1.0000, 1.0000, 1.0000, 1.0000, 1.0000, 1.0000, 1.0000, 1.0000, 1.0000, 1.0000, 1.0000, 1.0000, 1.0000, 1.0000, 1.0000, 1.0000, 1.0000, 1.0000, 1.0000, 1.0000, 1.0000, 1.0000, 1.0000, 1.0000, 1.0000, 1.0000, 1.0000
Recall: 1.0000, 1.0000, 1.0000, 1.0000, 1.0000, 1.0000, 1.0000, 1.0000, 1.0000, 1.0000, 1.0000, 1.0000, 1.0000, 1.0000, 1.0000, 1.0000, 1.0000, 1.0000, 1.0000, 1.0000, 1.0000, 1.0000, 1.0000, 1.0000, 1.0000, 1.0000, 0.9750, 0.9750, 0.9750, 0.9750, 0.9750, 0.9750, 0.9750, 0.9750, 0.9750, 0.9750, 0.9750, 0.9750, 0.9750, 0.9750, 0.9750, 0.9750, 0.9750, 0.9750, 0.9750, 0.9750, 0.9750, 0.9750, 0.9750, 0.9750, 0.9750, 0.9750, 0.9750, 0.9750, 0.9750, 0.9750, 0.9750, 0.9750, 0.9750, 0.9750, 0.9750, 0.9750, 0.9750, 0.9750, 0.9750, 0.9750, 0.9750, 0.9750, 0.9750, 0.9750, 0.9750, 0.9750, 0.9750, 0.9750, 0.9500, 0.9250, 0.9000, 0.8750, 0.8500, 0.8250, 0.8000, 0.7500, 0.7250, 0.7000, 0.6250, 0.5750, 0.5500, 0.5250, 0.5000, 0.4750, 0.4500, 0.4250, 0.4000, 0.3750, 0.3500, 0.2000, 0.1750, 0.1500, 0.1000, 0.0750, 0.0250, 0.0000

Asian:
Precision: 0.4348, 0.4386, 0.4425, 0.4464, 0.4505, 0.4545, 0.4587, 0.4630, 0.4673, 0.4717, 0.4762, 0.4808, 0.4854, 0.4902, 0.4950, 0.5000, 0.5051, 0.5102, 0.5155, 0.5208, 0.5263, 0.5319, 0.5376, 0.5435, 0.5495, 0.5556, 0.5618, 0.5682, 0.5814, 0.5882, 0.6024, 0.6098, 0.6173, 0.6667, 0.6757, 0.6849, 0.6944, 0.7042, 0.7143, 0.7246, 0.7353, 0.7463, 0.7576, 0.7692, 0.7812, 0.8197, 0.8333, 0.8475, 0.8772, 0.8929, 0.9091, 0.9259, 0.9434, 0.9615, 0.9804, 1.0000, 1.0000, 1.0000, 1.0000, 1.0000, 1.0000, 1.0000, 1.0000, 1.0000, 1.0000, 1.0000, 1.0000, 1.0000, 1.0000, 1.0000, 1.0000, 1.0000, 1.0000, 1.0000, 1.0000, 1.0000, 1.0000, 1.0000, 1.0000, 1.0000, 1.0000, 1.0000, 1.0000, 1.0000, 1.0000, 1.0000, 1.0000, 1.0000, 1.0000, 1.0000, 1.0000, 1.0000, 1.0000, 1.0000, 1.0000, 1.0000, 1.0000, 1.0000, 1.0000, 1.0000, 1.0000, 1.0000, 1.0000
Recall: 1.0000, 1.0000, 1.0000, 1.0000, 1.0000, 1.0000, 1.0000, 1.0000, 1.0000, 1.0000, 1.0000, 1.0000, 1.0000, 1.0000, 1.0000, 1.0000, 1.0000, 1.0000, 1.0000, 1.0000, 1.0000, 1.0000, 1.0000, 1.0000, 1.0000, 1.0000, 1.0000, 1.0000, 1.0000, 1.0000, 1.0000, 1.0000, 1.0000, 1.0000, 1.0000, 1.0000, 1.0000, 1.0000, 1.0000, 1.0000, 1.0000, 1.0000, 1.0000, 1.0000, 1.0000, 1.0000, 1.0000, 1.0000, 1.0000, 1.0000, 1.0000, 1.0000, 1.0000, 1.0000, 1.0000, 1.0000, 0.9800, 0.9600, 0.9400, 0.9200, 0.9000, 0.8800, 0.8400, 0.8200, 0.8000, 0.7800, 0.7600, 0.7400, 0.7000, 0.6800, 0.6600, 0.6400, 0.6200, 0.6000, 0.5800, 0.5600, 0.5400, 0.5200, 0.5000, 0.4800, 0.4600, 0.4400, 0.4200, 0.4000, 0.3800, 0.3600, 0.3400, 0.3200, 0.3000, 0.2800, 0.2600, 0.2400, 0.2200, 0.2000, 0.1800, 0.1600, 0.1400, 0.1000, 0.0800, 0.0600, 0.0400, 0.0200, 0.0000

